Time	Epidemic	Message

0	0
1	0
2	0
3	0
4	0
5	0
6	1
7	1
8	3
9	3
10	3
11	4
12	4
13	5
14	6
15	7
16	7
17	8
18	9
19	10
20	11
21	15
22	17
23	20
24	23
25	25
26	31
27	35
28	39
29	43
30	48
31	54
32	64
33	74
34	84
35	93
36	102
37	104
38	108
39	119
40	129
41	139
42	152
43	157
44	166
45	181
46	199
47	203
48	210
49	221
50	236
51	242
52	251
53	262
54	270
55	284
56	293
57	300
58	307
59	320
60	335
61	348
62	366
63	384
64	398
65	411
66	432
67	444
68	462
69	472
70	491
71	512
72	529
73	540
74	552
75	571
76	582
77	593
78	606
79	626
80	640
81	658
82	671
83	683
84	699
85	709
86	722
87	733
88	744
89	756
90	770
91	784
92	802
93	825
94	844
95	860
96	876
97	899
98	921
99	938
100	947
101	964
102	983
103	1003
104	1022
105	1043
106	1066
107	1087
108	1105
109	1119
110	1136
111	1156
112	1182
113	1206
114	1222
115	1242
116	1264
117	1283
118	1308
119	1335
120	1362
121	1393
122	1426
123	1446
124	1466
125	1487
126	1514
127	1542
128	1572
129	1599
130	1627
131	1651
132	1678
133	1697
134	1721
135	1737
136	1755
137	1782
138	1808
139	1836
140	1858
141	1885
142	1908
143	1926
144	1947
145	1967
146	1988
147	2008
148	2026
149	2046
150	2068
151	2089
152	2105
153	2127
154	2144
155	2163
156	2187
157	2216
158	2250
159	2283
160	2313
161	2336
162	2361
163	2388
164	2417
165	2447
166	2473
167	2497
168	2524
169	2547
170	2576
171	2603
172	2634
173	2659
174	2685
175	2711
176	2735
177	2764
178	2789
179	2815
180	2838
181	2857
182	2871
183	2885
184	2893
185	2902
186	2906
187	2913
188	2917
189	2921
190	2927
191	2930
192	2935
193	2940
194	2945
195	2950
196	2955
197	2961
198	2965
199	2970
200	2975
201	2981
202	2987
203	2994
204	3002
205	3006
206	3011
207	3018
208	3023
209	3029
210	3037
211	3042
212	3049
213	3054
214	3060
215	3067
216	3074
217	3081
218	3087
219	3093
220	3098
221	3102
222	3106
223	3110
224	3113
225	3116
226	3120
227	3124
228	3127
229	3130
230	3134
231	3136
232	3140
233	3144
234	3146
235	3150
236	3154
237	3157
238	3160
239	3165
240	3168
241	3171
242	3174
243	3178
244	3181
245	3185
246	3187
247	3191
248	3194
249	3197
250	3201
251	3204
252	3207
253	3212
254	3216
255	3222
256	3227
257	3231
258	3236
259	3240
260	3243
261	3248
262	3251
263	3257
264	3262
265	3266
266	3269
267	3272
268	3275
269	3278
270	3282
271	3286
272	3289
273	3293
274	3296
275	3299
276	3303
277	3307
278	3310
279	3312
280	3316
281	3320
282	3324
283	3326
284	3328
285	3331
286	3335
287	3336
288	3338
289	3338
290	3338
291	3338
292	3338
293	3338
294	3338
295	3338
296	3338
297	3338
298	3338
299	3338
300	3338
301	3338
302	3338
303	3339
304	3341
305	3343
306	3345
307	3346
308	3348
309	3349
310	3349
311	3349
312	3349
313	3349
314	3350
315	3351
316	3353
317	3354
318	3355
319	3355
320	3355
321	3355
322	3355
323	3355
324	3355
325	3355
326	3357
327	3358
328	3360
329	3362
330	3362
331	3362
332	3363
333	3365
334	3367
335	3369
336	3370
337	3372
338	3375
339	3378
340	3381
341	3383
342	3383
343	3383
344	3383
345	3383
346	3383
347	3383
348	3383
349	3383
350	3383
351	3383
352	3383
353	3383
354	3383
355	3383
356	3383
357	3383
358	3383
359	3383
360	3383
361	3383
362	3385
363	3386
364	3388
365	3389
366	3389
367	3390
368	3392
369	3394
370	3395
371	3396
372	3396
373	3396
374	3396
375	3396
376	3396
377	3396
378	3396
379	3397
380	3399
381	3401
382	3402
383	3403
384	3403
385	3403
386	3403
387	3403
388	3403
389	3403
390	3404
391	3405
392	3407
393	3409
394	3410
395	3410
396	3410
397	3410
398	3410
399	3410
400	3410
401	3410
402	3410
403	3410
404	3410
405	3410
406	3410
407	3411
408	3412
409	3413
410	3416
411	3416
412	3416
413	3416
414	3416
415	3416
416	3416
417	3416
418	3416
419	3416
420	3416
421	3416
422	3416
423	3416
424	3416
425	3416
426	3416
427	3416
428	3416
429	3416
430	3416
431	3416
432	3418
433	3420
434	3421
435	3422
436	3422
437	3422
438	3422
439	3422
440	3422
441	3422
442	3422
443	3422
444	3422
445	3422
446	3422
447	3422
448	3422
449	3424
450	3425
451	3427
452	3429
453	3429
454	3430
455	3432
456	3433
457	3435
458	3435
459	3435
460	3435
461	3437
462	3439
463	3441
464	3442
465	3442
466	3442
467	3443
468	3446
469	3448
470	3449
471	3449
472	3451
473	3453
474	3454
475	3456
476	3456
477	3456
478	3456
479	3456
480	3456
481	3456
482	3456
483	3456
484	3456
485	3456
486	3456
487	3456
488	3456
489	3456
490	3456
491	3456
492	3456
493	3456
494	3456
495	3456
496	3456
497	3456
498	3456
499	3456
500	3456
501	3456
502	3456
503	3456
504	3456
505	3456
506	3456
507	3458
508	3459
509	3461
510	3462
511	3462
512	3463
513	3465
514	3466
515	3468
516	3468
517	3468
518	3468
519	3468
520	3468
521	3468
522	3468
523	3468
524	3468
525	3469
526	3471
527	3472
528	3474
529	3475
530	3475
531	3475
532	3475
533	3475
534	3475
535	3475
536	3475
537	3475
538	3477
539	3478
540	3480
541	3482
542	3482
543	3482
544	3482
545	3482
546	3482
547	3482
548	3482
549	3482
550	3483
551	3484
552	3485
553	3487
554	3488
555	3488
556	3488
557	3488
558	3488
559	3488
560	3488
561	3488
562	3489
563	3490
564	3492
565	3493
566	3496
567	3498
568	3500
569	3501
570	3503
571	3506
572	3507
573	3509
574	3512
575	3516
576	3519
577	3521
578	3522
579	3525
580	3527
581	3529
582	3530
583	3530
584	3530
585	3531
586	3533
587	3534
588	3536
589	3537
590	3538
591	3540
592	3541
593	3541
594	3541
595	3541
596	3542
597	3543
598	3545
599	3547
600	3547
601	3547
602	3547
603	3550
604	3551
605	3553
606	3553
607	3553
608	3553
609	3553
610	3553
611	3553
612	3553
613	3553
614	3553
615	3553
616	3553
617	3553
618	3553
619	3553
620	3555
621	3556
622	3558
623	3559
624	3559
625	3559
626	3559
627	3559
628	3559
629	3559
630	3559
631	3559
632	3559
633	3559
634	3559
635	3559
636	3559
637	3561
638	3563
639	3564
640	3566
641	3566
642	3566
643	3566
644	3566
645	3566
646	3566
647	3566
648	3566
649	3566
650	3568
651	3569
652	3571
653	3572
654	3572
655	3572
656	3572
657	3572
658	3572
659	3572
660	3572
661	3573
662	3575
663	3576
664	3578
665	3578
666	3578
667	3578
668	3578
669	3578
670	3578
671	3578
672	3578
673	3578
674	3578
675	3578
676	3578
677	3578
678	3578
679	3578
680	3578
681	3578
682	3578
683	3578
684	3579
685	3581
686	3582
687	3584
688	3584
689	3584
690	3584
691	3584
692	3584
693	3584
694	3584
695	3584
696	3584
697	3584
698	3584
699	3584
700	3584
701	3584
702	3584
703	3584
704	3584
705	3584
706	3584
707	3584
708	3584
709	3584
710	3584
711	3584
712	3584
713	3586
714	3588
715	3590
716	3591
717	3593
718	3596
719	3599
720	3603
721	3605
722	3605
723	3605
724	3605
725	3605
726	3605
727	3605
728	3605
729	3605
730	3605
731	3605
732	3605
733	3605
734	3605
735	3605
736	3606
737	3608
738	3609
739	3611
740	3611
741	3611
742	3611
743	3611
744	3611
745	3611
746	3611
747	3611
748	3611
749	3611
750	3611
751	3611
752	3611
753	3611
754	3613
755	3615
756	3616
757	3618
758	3618
759	3618
760	3618
761	3618
762	3618
763	3618
764	3618
765	3618
766	3618
767	3618
768	3618
769	3618
770	3618
771	3618
772	3618
773	3618
774	3618
775	3618
776	3618
777	3618
778	3618
779	3618
780	3618
781	3618
782	3618
783	3618
784	3618
785	3618
786	3618
787	3618
788	3618
789	3618
790	3618
791	3618
792	3618
793	3618
794	3618
795	3618
796	3618
797	3618
798	3618
799	3619
800	3621
801	3623
802	3625
803	3626
804	3628
805	3630
806	3632
807	3634
808	3635
809	3637
810	3639
811	3641
812	3642
813	3645
814	3646
815	3648
816	3650
817	3652
818	3654
819	3655
820	3657
821	3658
822	3659
823	3659
824	3659
825	3659
826	3659
827	3659
828	3660
829	3661
830	3663
831	3665
832	3666
833	3666
834	3667
835	3668
836	3671
837	3673
838	3673
839	3673
840	3673
841	3673
842	3673
843	3673
844	3673
845	3673
846	3674
847	3676
848	3677
849	3677
850	3677
851	3677
852	3678
853	3679
854	3681
855	3683
856	3684
857	3684
858	3684
859	3684
860	3684
861	3684
862	3684
863	3684
864	3684
865	3684
866	3684
867	3684
868	3684
869	3684
870	3684
871	3686
872	3690
873	3691
874	3694
875	3694
876	3696
877	3698
878	3699
879	3700
880	3700
881	3700
882	3700
883	3700
884	3700
885	3700
886	3700
887	3700
888	3702
889	3703
890	3705
891	3706
892	3706
893	3706
894	3707
895	3709
896	3711
897	3713
898	3713
899	3714
900	3716
901	3718
902	3720
903	3720
904	3720
905	3720
906	3720
907	3720
908	3720
909	3720
910	3720
911	3720
912	3722
913	3723
914	3725
915	3726
916	3726
917	3727
918	3728
919	3730
920	3731
921	3731
922	3731
923	3731
924	3731
925	3731
926	3731
927	3731
928	3731
929	3731
930	3731
931	3731
932	3731
933	3731
934	3731
935	3731
936	3731
937	3731
938	3731
939	3731
940	3731
941	3731
942	3731
943	3731
944	3731
945	3731
946	3731
947	3732
948	3734
949	3736
950	3737
951	3737
952	3738
953	3740
954	3741
955	3744
956	3744
957	3744
958	3746
959	3748
960	3749
961	3750
962	3750
963	3750
964	3750
965	3750
966	3750
967	3750
968	3751
969	3752
970	3752
971	3752
972	3752
973	3752
974	3752
975	3752
976	3752
977	3752
978	3752
979	3752
980	3752
981	3752
982	3752
983	3752
984	3752
985	3752
986	3752
987	3754
988	3756
989	3757
990	3758
991	3760
992	3762
993	3763
994	3765
995	3765
996	3765
997	3765
998	3765
999	3766
1000	3768
1001	3770
1002	3771
1003	3772
1004	3772
1005	3773
1006	3774
1007	3776
1008	3778
1009	3778
1010	3778
1011	3778
1012	3778
1013	3778
1014	3778
1015	3778
1016	3778
1017	3778
1018	3778
1019	3778
1020	3778
1021	3778
1022	3778
1023	3778
1024	3778
1025	3778
1026	3778
1027	3778
1028	3778
1029	3778
1030	3779
1031	3780
1032	3780
1033	3780
1034	3780
1035	3780
1036	3780
1037	3780
1038	3780
1039	3780
1040	3780
1041	3780
1042	3781
1043	3782
1044	3784
1045	3785
1046	3786
1047	3786
1048	3786
1049	3787
1050	3789
1051	3791
1052	3793
1053	3793
1054	3793
1055	3795
1056	3796
1057	3798
1058	3799
1059	3799
1060	3799
1061	3799
1062	3801
1063	3803
1064	3804
1065	3806
1066	3807
1067	3811
1068	3813
1069	3814
1070	3815
1071	3817
1072	3819
1073	3820
1074	3822
1075	3824
1076	3825
1077	3827
1078	3828
1079	3830
1080	3832
1081	3833
1082	3835
1083	3838
1084	3841
1085	3844
1086	3848
1087	3849
1088	3850
1089	3851
1090	3853
1091	3855
1092	3857
1093	3858
1094	3860
1095	3862
1096	3863
1097	3865
1098	3867
1099	3869
1100	3870
1101	3871
1102	3871
1103	3871
1104	3871
1105	3871
1106	3871
1107	3871
1108	3871
1109	3871
1110	3871
1111	3871
1112	3872
1113	3874
1114	3875
1115	3877
1116	3877
1117	3877
1118	3877
1119	3877
1120	3877
1121	3877
1122	3877
1123	3877
1124	3877
1125	3877
1126	3879
1127	3881
1128	3883
1129	3884
1130	3884
1131	3884
1132	3884
1133	3884
1134	3884
1135	3884
1136	3884
1137	3885
1138	3887
1139	3889
1140	3890
1141	3890
1142	3890
1143	3890
1144	3890
1145	3890
1146	3890
1147	3890
1148	3891
1149	3892
1150	3893
1151	3895
1152	3896
1153	3898
1154	3898
1155	3899
1156	3901
1157	3902
1158	3903
1159	3905
1160	3905
1161	3905
1162	3905
1163	3905
1164	3905
1165	3905
1166	3905
1167	3905
1168	3905
1169	3905
1170	3905
1171	3905
1172	3905
1173	3905
1174	3905
1175	3905
1176	3905
1177	3905
1178	3905
1179	3905
1180	3906
1181	3907
1182	3909
1183	3911
1184	3911
1185	3911
1186	3911
1187	3911
1188	3911
1189	3911
1190	3911
1191	3911
1192	3911
1193	3911
1194	3911
1195	3911
1196	3911
1197	3912
1198	3914
1199	3915
1200	3917
1201	3917
1202	3917
1203	3918
1204	3920
1205	3921
1206	3923
1207	3923
1208	3923
1209	3923
1210	3923
1211	3923
1212	3923
1213	3923
1214	3923
1215	3923
1216	3923
1217	3923
1218	3923
1219	3923
1220	3923
1221	3923
1222	3923
1223	3923
1224	3923
1225	3924
1226	3926
1227	3927
1228	3929
1229	3929
1230	3929
1231	3929
1232	3929
1233	3929
1234	3929
1235	3929
1236	3930
1237	3932
1238	3932
1239	3932
1240	3932
1241	3932
1242	3934
1243	3936
1244	3937
1245	3939
1246	3939
1247	3939
1248	3939
1249	3939
1250	3939
1251	3939
1252	3939
1253	3939
1254	3939
1255	3939
1256	3939
1257	3939
1258	3939
1259	3939
1260	3939
1261	3939
1262	3939
1263	3939
1264	3939
1265	3940
1266	3942
1267	3944
1268	3945
1269	3945
1270	3945
1271	3946
1272	3947
1273	3947
1274	3947
1275	3947
1276	3947
1277	3948
1278	3949
1279	3951
1280	3953
1281	3954
1282	3954
1283	3956
1284	3957
1285	3958
1286	3959
1287	3959
1288	3959
1289	3959
1290	3959
1291	3959
1292	3959
1293	3959
1294	3959
1295	3961
1296	3962
1297	3964
1298	3965
1299	3965
1300	3965
1301	3967
1302	3967
1303	3967
1304	3967
1305	3967
1306	3967
1307	3967
1308	3967
1309	3967
1310	3967
1311	3967
1312	3967
1313	3967
1314	3967
1315	3967
1316	3967
1317	3967
1318	3967
1319	3968
1320	3969
1321	3971
1322	3972
1323	3973
1324	3973
1325	3973
1326	3973
1327	3973
1328	3973
1329	3973
1330	3973
1331	3975
1332	3977
1333	3978
1334	3979
1335	3979
1336	3980
1337	3982
1338	3983
1339	3983
1340	3983
1341	3983
1342	3983
1343	3985
1344	3986
1345	3988
1346	3989
1347	3989
1348	3989
1349	3989
1350	3989
1351	3989
1352	3989
1353	3989
1354	3989
1355	3989
1356	3989
1357	3989
1358	3989
1359	3989
1360	3990
1361	3992
1362	3993
1363	3993
1364	3993
1365	3993
1366	3993
1367	3994
1368	3997
1369	3998
1370	4000
1371	4000
1372	4000
1373	4000
1374	4000
1375	4000
1376	4000
1377	4000
1378	4000
1379	4000
1380	4000
1381	4000
1382	4000
1383	4002
1384	4003
1385	4005
1386	4006
1387	4006
1388	4006
1389	4006
1390	4006
1391	4006
1392	4006
1393	4006
1394	4006
1395	4006
1396	4006
1397	4006
1398	4006
1399	4006
1400	4006
1401	4006
1402	4006
1403	4006
1404	4006
1405	4006
1406	4006
1407	4006
1408	4008
1409	4009
1410	4011
1411	4012
1412	4012
1413	4012
1414	4012
1415	4013
1416	4013
1417	4013
1418	4013
1419	4013
1420	4013
1421	4013
1422	4013
1423	4013
1424	4013
1425	4013
1426	4013
1427	4013
1428	4013
1429	4013
1430	4013
1431	4014
1432	4015
1433	4017
1434	4019
1435	4020
1436	4020
1437	4020
1438	4021
1439	4023
1440	4025
1441	4026
1442	4028
1443	4029
1444	4031
1445	4035
1446	4039
1447	4042
1448	4044
1449	4044
1450	4044
1451	4044
1452	4045
1453	4048
1454	4050
1455	4051
1456	4051
1457	4051
1458	4051
1459	4051
1460	4051
1461	4051
1462	4051
1463	4052
1464	4054
1465	4055
1466	4057
1467	4058
1468	4058
1469	4060
1470	4061
1471	4063
1472	4064
1473	4064
1474	4065
1475	4067
1476	4068
1477	4070
1478	4071
1479	4071
1480	4071
1481	4071
1482	4071
1483	4071
1484	4071
1485	4072
1486	4074
1487	4075
1488	4077
1489	4078
1490	4078
1491	4078
1492	4080
1493	4081
1494	4083
1495	4085
1496	4086
1497	4088
1498	4089
1499	4091
1500	4093
1501	4094
1502	4096
1503	4097
1504	4100
1505	4103
1506	4106
1507	4110
1508	4112
1509	4113
1510	4113
1511	4115
1512	4117
1513	4119
1514	4119
1515	4119
1516	4120
1517	4121
1518	4123
1519	4123
1520	4123
1521	4123
1522	4124
1523	4126
1524	4128
1525	4130
1526	4130
1527	4130
1528	4130
1529	4130
1530	4130
1531	4130
1532	4130
1533	4130
1534	4130
1535	4130
1536	4130
1537	4130
1538	4130
1539	4130
1540	4130
1541	4130
1542	4130
1543	4130
1544	4130
1545	4130
1546	4130
1547	4130
1548	4130
1549	4130
1550	4130
1551	4130
1552	4130
1553	4130
1554	4130
1555	4130
1556	4130
1557	4130
1558	4130
1559	4130
1560	4130
1561	4130
1562	4130
1563	4130
1564	4130
1565	4130
1566	4130
1567	4130
1568	4130
1569	4130
1570	4130
1571	4130
1572	4130
1573	4131
1574	4133
1575	4134
1576	4136
1577	4136
1578	4136
1579	4138
1580	4140
1581	4141
1582	4142
1583	4142
1584	4142
1585	4142
1586	4142
1587	4142
1588	4142
1589	4142
1590	4143
1591	4145
1592	4147
1593	4149
1594	4151
1595	4152
1596	4154
1597	4155
1598	4155
1599	4155
1600	4155
1601	4155
1602	4155
1603	4155
1604	4155
1605	4155
1606	4155
1607	4157
1608	4159
1609	4160
1610	4162
1611	4162
1612	4163
1613	4164
1614	4166
1615	4168
1616	4169
1617	4169
1618	4169
1619	4171
1620	4172
1621	4174
1622	4175
1623	4175
1624	4175
1625	4176
1626	4177
1627	4177
1628	4177
1629	4177
1630	4177
1631	4177
1632	4177
1633	4177
1634	4177
1635	4177
1636	4177
1637	4178
1638	4180
1639	4182
1640	4184
1641	4184
1642	4184
1643	4184
1644	4184
1645	4184
1646	4184
1647	4184
1648	4186
1649	4188
1650	4190
1651	4190
1652	4190
1653	4192
1654	4193
1655	4195
1656	4196
1657	4196
1658	4198
1659	4198
1660	4198
1661	4198
1662	4198
1663	4198
1664	4198
1665	4198
1666	4198
1667	4198
1668	4198
1669	4198
1670	4198
1671	4198
1672	4198
1673	4198
1674	4198
1675	4199
1676	4201
1677	4203
1678	4204
1679	4205
1680	4205
1681	4206
1682	4208
1683	4210
1684	4212
1685	4213
1686	4215
1687	4218
1688	4221
1689	4224
1690	4227
1691	4228
1692	4230
1693	4232
1694	4233
1695	4233
1696	4233
1697	4233
1698	4233
1699	4233
1700	4233
1701	4233
1702	4233
1703	4233
1704	4233
1705	4235
1706	4237
1707	4238
1708	4239
1709	4239
1710	4239
1711	4239
1712	4239
1713	4239
1714	4239
1715	4239
1716	4239
1717	4239
1718	4239
1719	4239
1720	4239
1721	4239
1722	4240
1723	4242
1724	4243
1725	4243
1726	4243
1727	4243
1728	4243
1729	4243
1730	4243
1731	4243
1732	4243
1733	4244
1734	4246
1735	4248
1736	4249
1737	4249
1738	4249
1739	4249
1740	4249
1741	4249
1742	4249
1743	4249
1744	4249
1745	4249
1746	4250
1747	4252
1748	4254
1749	4256
1750	4257
1751	4259
1752	4260
1753	4260
1754	4260
1755	4260
1756	4260
1757	4260
1758	4260
1759	4260
1760	4260
1761	4260
1762	4260
1763	4260
1764	4260
1765	4261
1766	4263
1767	4265
1768	4267
1769	4268
1770	4270
1771	4273
1772	4276
1773	4276
1774	4276
1775	4276
1776	4277
1777	4278
1778	4280
1779	4281
1780	4282
1781	4282
1782	4282
1783	4282
1784	4282
1785	4282
1786	4282
1787	4282
1788	4282
1789	4282
1790	4283
1791	4283
1792	4283
1793	4283
1794	4283
1795	4283
1796	4283
1797	4283
1798	4283
1799	4283
1800	4283
1801	4283
1802	4283
1803	4283
1804	4283
1805	4283
1806	4283
1807	4283
1808	4284
1809	4286
1810	4288
1811	4290
1812	4291
1813	4291
1814	4291
1815	4291
1816	4291
1817	4291
1818	4291
1819	4291
1820	4291
1821	4291
1822	4291
1823	4291
1824	4291
1825	4291
1826	4291
1827	4291
1828	4291
1829	4291
1830	4291
1831	4291
1832	4293
1833	4294
1834	4295
1835	4295
1836	4295
1837	4295
1838	4295
1839	4295
1840	4295
1841	4295
1842	4295
1843	4295
1844	4295
1845	4295
1846	4295
1847	4295
1848	4295
1849	4295
1850	4295
1851	4295
1852	4295
1853	4295
1854	4295
1855	4295
1856	4295
1857	4295
1858	4295
1859	4295
1860	4295
1861	4296
1862	4298
1863	4300
1864	4302
1865	4302
1866	4303
1867	4305
1868	4306
1869	4308
1870	4308
1871	4308
1872	4308
1873	4308
1874	4308
1875	4308
1876	4308
1877	4308
1878	4308
1879	4308
1880	4308
1881	4308
1882	4309
1883	4310
1884	4312
1885	4315
1886	4315
1887	4315
1888	4315
1889	4317
1890	4319
1891	4321
1892	4322
1893	4322
1894	4323
1895	4324
1896	4326
1897	4328
1898	4328
1899	4328
1900	4328
1901	4329
1902	4331
1903	4332
1904	4334
1905	4334
1906	4334
1907	4334
1908	4334
1909	4334
1910	4334
1911	4334
1912	4334
1913	4335
1914	4336
1915	4338
1916	4338
1917	4338
1918	4338
1919	4338
1920	4338
1921	4338
1922	4338
1923	4338
1924	4338
1925	4338
1926	4338
1927	4338
1928	4338
1929	4338
1930	4338
1931	4338
1932	4338
1933	4338
1934	4338
1935	4338
1936	4338
1937	4338
1938	4338
1939	4338
1940	4338
1941	4338
1942	4338
1943	4338
1944	4339
1945	4341
1946	4343
1947	4344
1948	4344
1949	4344
1950	4345
1951	4347
1952	4348
1953	4350
1954	4350
1955	4350
1956	4350
1957	4350
1958	4350
1959	4350
1960	4350
1961	4350
1962	4351
1963	4352
1964	4354
1965	4356
1966	4357
1967	4357
1968	4357
1969	4358
1970	4360
1971	4362
1972	4363
1973	4363
1974	4364
1975	4366
1976	4368
1977	4371
1978	4372
1979	4374
1980	4376
1981	4379
1982	4382
1983	4385
1984	4388
1985	4389
1986	4389
1987	4389
1988	4389
1989	4389
1990	4389
1991	4389
1992	4389
1993	4389
1994	4389
1995	4389
1996	4389
1997	4389
1998	4389
1999	4389
2000	4389
2001	4389
2002	4389
2003	4389
2004	4389
2005	4390
2006	4391
2007	4393
2008	4395
2009	4396
2010	4396
2011	4396
2012	4396
2013	4396
2014	4396
2015	4396
2016	4396
2017	4396
2018	4396
2019	4396
2020	4396
2021	4396
2022	4396
2023	4396
2024	4396
2025	4396
2026	4396
2027	4396
2028	4396
2029	4396
2030	4397
2031	4398
2032	4400
2033	4402
2034	4402
2035	4402
2036	4403
2037	4405
2038	4405
2039	4405
2040	4405
2041	4405
2042	4405
2043	4405
2044	4405
2045	4405
2046	4405
2047	4406
2048	4408
2049	4410
2050	4412
2051	4414
2052	4414
2053	4414
2054	4416
2055	4418
2056	4419
2057	4422
2058	4422
2059	4422
2060	4422
2061	4422
2062	4422
2063	4422
2064	4422
2065	4422
2066	4422
2067	4422
2068	4422
2069	4422
2070	4422
2071	4422
2072	4422
2073	4422
2074	4422
2075	4422
2076	4422
2077	4422
2078	4422
2079	4422
2080	4422
2081	4422
2082	4422
2083	4422
2084	4422
2085	4422
2086	4422
2087	4422
2088	4422
2089	4423
2090	4425
2091	4426
2092	4428
2093	4429
2094	4430
2095	4431
2096	4433
2097	4435
2098	4436
2099	4436
2100	4437
2101	4439
2102	4441
2103	4442
2104	4442
2105	4442
2106	4442
2107	4444
2108	4446
2109	4448
2110	4449
2111	4449
2112	4449
2113	4449
2114	4449
2115	4449
2116	4449
2117	4449
2118	4449
2119	4449
2120	4449
2121	4449
2122	4449
2123	4449
2124	4450
2125	4452
2126	4453
2127	4455
2128	4455
2129	4455
2130	4456
2131	4458
2132	4460
2133	4462
2134	4462
2135	4463
2136	4464
2137	4467
2138	4469
2139	4469
2140	4469
2141	4469
2142	4469
2143	4469
2144	4469
2145	4469
2146	4469
2147	4469
2148	4469
2149	4471
2150	4472
2151	4474
2152	4475
2153	4475
2154	4475
2155	4475
2156	4475
2157	4475
2158	4475
2159	4475
2160	4476
2161	4478
2162	4479
2163	4481
2164	4481
2165	4481
2166	4483
2167	4485
2168	4486
2169	4489
2170	4493
2171	4496
2172	4502
2173	4507
2174	4512
2175	4516
2176	4520
2177	4524
2178	4527
2179	4527
2180	4527
2181	4527
2182	4527
2183	4527
2184	4527
2185	4527
2186	4527
2187	4527
2188	4527
2189	4527
2190	4527
2191	4527
2192	4527
2193	4527
2194	4527
2195	4527
2196	4527
2197	4527
2198	4527
2199	4527
2200	4527
2201	4527
2202	4527
2203	4528
2204	4530
2205	4530
2206	4530
2207	4530
2208	4530
2209	4530
2210	4530
2211	4530
2212	4530
2213	4530
2214	4530
2215	4531
2216	4531
2217	4531
2218	4531
2219	4531
2220	4531
2221	4531
2222	4531
2223	4531
2224	4531
2225	4531
2226	4531
2227	4531
2228	4531
2229	4531
2230	4531
2231	4531
2232	4531
2233	4532
2234	4534
2235	4536
2236	4538
2237	4538
2238	4538
2239	4538
2240	4538
2241	4538
2242	4538
2243	4538
2244	4538
2245	4539
2246	4540
2247	4542
2248	4544
2249	4544
2250	4544
2251	4544
2252	4544
2253	4544
2254	4544
2255	4544
2256	4544
2257	4544
2258	4545
2259	4546
2260	4548
2261	4550
2262	4551
2263	4553
2264	4554
2265	4556
2266	4557
2267	4557
2268	4557
2269	4557
2270	4557
2271	4557
2272	4557
2273	4557
2274	4557
2275	4558
2276	4559
2277	4561
2278	4563
2279	4563
2280	4563
2281	4563
2282	4564
2283	4566
2284	4567
2285	4569
2286	4569
2287	4569
2288	4569
2289	4569
2290	4569
2291	4569
2292	4569
2293	4569
2294	4569
2295	4569
2296	4569
2297	4569
2298	4569
2299	4571
2300	4573
2301	4575
2302	4576
2303	4576
2304	4576
2305	4576
2306	4576
2307	4576
2308	4576
2309	4576
2310	4576
2311	4576
2312	4578
2313	4579
2314	4581
2315	4581
2316	4581
2317	4583
2318	4585
2319	4587
2320	4588
2321	4588
2322	4588
2323	4588
2324	4588
2325	4588
2326	4588
2327	4588
2328	4588
2329	4589
2330	4592
2331	4594
2332	4595
2333	4595
2334	4595
2335	4595
2336	4595
2337	4595
2338	4595
2339	4596
2340	4597
2341	4599
2342	4601
2343	4601
2344	4601
2345	4601
2346	4601
2347	4601
2348	4601
2349	4601
2350	4601
2351	4601
2352	4601
2353	4601
2354	4601
2355	4601
2356	4601
2357	4601
2358	4601
2359	4601
2360	4601
2361	4601
2362	4601
2363	4601
2364	4601
2365	4601
2366	4601
2367	4601
2368	4602
2369	4604
2370	4605
2371	4607
2372	4607
2373	4607
2374	4607
2375	4607
2376	4607
2377	4607
2378	4607
2379	4609
2380	4611
2381	4613
2382	4614
2383	4614
2384	4614
2385	4615
2386	4617
2387	4618
2388	4620
2389	4620
2390	4620
2391	4621
2392	4622
2393	4622
2394	4622
2395	4622
2396	4623
2397	4624
2398	4625
2399	4625
2400	4625
2401	4625
2402	4625
2403	4625
2404	4625
2405	4625
2406	4625
2407	4625
2408	4625
2409	4625
2410	4625
2411	4625
2412	4625
2413	4625
2414	4627
2415	4629
2416	4631
2417	4632
2418	4632
2419	4632
2420	4632
2421	4632
2422	4632
2423	4632
2424	4632
2425	4632
2426	4632
2427	4632
2428	4632
2429	4632
2430	4632
2431	4632
2432	4632
2433	4632
2434	4632
2435	4632
2436	4632
2437	4632
2438	4632
2439	4632
2440	4632
2441	4632
2442	4632
2443	4634
2444	4636
2445	4638
2446	4639
2447	4639
2448	4639
2449	4639
2450	4639
2451	4639
2452	4639
2453	4640
2454	4642
2455	4643
2456	4645
2457	4646
2458	4646
2459	4646
2460	4648
2461	4649
2462	4651
2463	4652
2464	4652
2465	4652
2466	4652
2467	4652
2468	4652
2469	4652
2470	4652
2471	4652
2472	4652
2473	4652
2474	4652
2475	4652
2476	4652
2477	4652
2478	4652
2479	4652
2480	4652
2481	4652
2482	4652
2483	4652
2484	4652
2485	4652
2486	4652
2487	4652
2488	4652
2489	4652
2490	4652
2491	4652
2492	4652
2493	4652
2494	4652
2495	4652
2496	4652
2497	4652
2498	4652
2499	4652
2500	4652
2501	4653
2502	4655
2503	4656
2504	4658
2505	4658
2506	4658
2507	4658
2508	4658
2509	4658
2510	4658
2511	4658
2512	4658
2513	4658
2514	4660
2515	4661
2516	4663
2517	4664
2518	4664
2519	4665
2520	4667
2521	4668
2522	4669
2523	4670
2524	4670
2525	4670
2526	4672
2527	4674
2528	4675
2529	4677
2530	4677
2531	4678
2532	4679
2533	4681
2534	4683
2535	4683
2536	4683
2537	4684
2538	4685
2539	4687
2540	4688
2541	4689
2542	4689
2543	4691
2544	4692
2545	4694
2546	4696
2547	4696
2548	4696
2549	4696
2550	4696
2551	4696
2552	4696
2553	4696
2554	4696
2555	4696
2556	4696
2557	4696
2558	4696
2559	4696
2560	4696
2561	4696
2562	4696
2563	4696
2564	4696
2565	4696
2566	4696
2567	4698
2568	4698
2569	4698
2570	4698
2571	4698
2572	4699
2573	4701
2574	4703
2575	4705
2576	4705
2577	4706
2578	4707
2579	4709
2580	4711
2581	4711
2582	4711
2583	4712
2584	4714
2585	4716
2586	4717
2587	4717
2588	4717
2589	4717
2590	4717
2591	4717
2592	4717
2593	4717
2594	4717
2595	4717
2596	4717
2597	4717
2598	4717
2599	4717
2600	4717
2601	4717
2602	4718
2603	4719
2604	4721
2605	4722
2606	4726
2607	4730
2608	4734
2609	4738
2610	4742
2611	4745
2612	4746
2613	4748
2614	4751
2615	4754
2616	4757
2617	4759
2618	4759
2619	4761
2620	4762
2621	4764
2622	4765
2623	4765
2624	4765
2625	4765
2626	4765
2627	4765
2628	4765
2629	4765
2630	4765
2631	4765
2632	4765
2633	4765
2634	4765
2635	4765
2636	4765
2637	4765
2638	4765
2639	4765
2640	4765
2641	4765
2642	4765
2643	4767
2644	4769
2645	4771
2646	4772
2647	4772
2648	4772
2649	4772
2650	4772
2651	4772
2652	4772
2653	4772
2654	4772
2655	4773
2656	4775
2657	4777
2658	4779
2659	4779
2660	4780
2661	4781
2662	4783
2663	4784
2664	4785
2665	4785
2666	4785
2667	4785
2668	4785
2669	4785
2670	4785
2671	4785
2672	4785
2673	4785
2674	4785
2675	4785
2676	4785
2677	4786
2678	4788
2679	4789
2680	4789
2681	4789
2682	4790
2683	4792
2684	4793
2685	4793
2686	4793
2687	4793
2688	4793
2689	4793
2690	4793
2691	4793
2692	4793
2693	4793
2694	4794
2695	4796
2696	4797
2697	4799
2698	4799
2699	4799
2700	4800
2701	4802
2702	4804
2703	4806
2704	4806
2705	4806
2706	4806
2707	4806
2708	4806
2709	4806
2710	4806
2711	4806
2712	4806
2713	4806
2714	4806
2715	4806
2716	4806
2717	4806
2718	4806
2719	4806
2720	4806
2721	4806
2722	4806
2723	4806
2724	4806
2725	4806
2726	4806
2727	4806
2728	4807
2729	4808
2730	4809
2731	4809
2732	4809
2733	4809
2734	4809
2735	4809
2736	4809
2737	4809
2738	4809
2739	4809
2740	4809
2741	4809
2742	4809
2743	4809
2744	4809
2745	4809
2746	4809
2747	4809
2748	4809
2749	4809
2750	4809
2751	4809
2752	4809
2753	4809
2754	4809
2755	4809
2756	4809
2757	4811
2758	4813
2759	4814
2760	4815
2761	4815
2762	4815
2763	4815
2764	4815
2765	4815
2766	4815
2767	4815
2768	4815
2769	4815
2770	4815
2771	4815
2772	4815
2773	4815
2774	4815
2775	4815
2776	4815
2777	4815
2778	4815
2779	4816
2780	4818
2781	4819
2782	4821
2783	4821
2784	4821
2785	4821
2786	4821
2787	4821
2788	4821
2789	4821
2790	4821
2791	4821
2792	4821
2793	4821
2794	4821
2795	4821
2796	4821
2797	4821
2798	4821
2799	4821
2800	4821
2801	4821
2802	4822
2803	4824
2804	4826
2805	4827
2806	4827
2807	4828
2808	4828
2809	4828
2810	4828
2811	4828
2812	4828
2813	4828
2814	4828
2815	4828
2816	4828
2817	4828
2818	4828
2819	4828
2820	4828
2821	4828
2822	4828
2823	4828
2824	4828
2825	4828
2826	4828
2827	4828
2828	4828
2829	4828
2830	4828
2831	4828
2832	4828
2833	4828
2834	4828
2835	4828
2836	4828
2837	4828
2838	4828
2839	4828
2840	4828
2841	4828
2842	4828
2843	4828
2844	4828
2845	4828
2846	4828
2847	4828
2848	4828
2849	4828
2850	4828
2851	4828
2852	4828
2853	4828
2854	4828
2855	4828
2856	4828
2857	4828
2858	4828
2859	4828
2860	4828
2861	4828
2862	4828
2863	4828
2864	4828
2865	4828
2866	4828
2867	4828
2868	4828
2869	4828
2870	4828
2871	4828
2872	4828
2873	4828
2874	4828
2875	4828
2876	4828
2877	4828
2878	4829
2879	4831
2880	4834
2881	4835
2882	4835
2883	4835
2884	4835
2885	4836
2886	4838
2887	4839
2888	4841
2889	4841
2890	4841
2891	4841
2892	4841
2893	4841
2894	4841
2895	4841
2896	4841
2897	4841
2898	4841
2899	4841
2900	4841
2901	4841
2902	4841
2903	4841
2904	4841
2905	4841
2906	4841
2907	4841
2908	4841
2909	4843
2910	4844
2911	4844
2912	4844
2913	4844
2914	4844
2915	4845
2916	4846
2917	4848
2918	4849
2919	4850
2920	4850
2921	4850
2922	4850
2923	4850
2924	4850
2925	4850
2926	4850
2927	4850
2928	4850
2929	4850
2930	4850
2931	4850
2932	4850
2933	4852
2934	4854
2935	4855
2936	4856
2937	4857
2938	4857
2939	4857
2940	4857
2941	4857
2942	4857
2943	4857
2944	4857
2945	4857
2946	4857
2947	4857
2948	4857
2949	4857
2950	4857
2951	4857
2952	4857
2953	4857
2954	4857
2955	4857
2956	4858
2957	4860
2958	4862
2959	4864
2960	4866
2961	4868
2962	4870
2963	4870
2964	4870
2965	4870
2966	4870
2967	4870
2968	4870
2969	4870
2970	4870
2971	4870
2972	4870
2973	4870
2974	4870
2975	4870
2976	4870
2977	4870
2978	4870
2979	4870
2980	4872
2981	4874
2982	4875
2983	4876
2984	4876
2985	4878
2986	4879
2987	4881
2988	4885
2989	4889
2990	4892
2991	4896
2992	4899
2993	4903
2994	4907
2995	4910
2996	4915
2997	4918
2998	4922
2999	4926
3000	4927
3001	4931
3002	4935
3003	4939
3004	4943
3005	4946
3006	4950
3007	4953
3008	4957
3009	4961
3010	4964
3011	4968
3012	4972
3013	4976
3014	4982
3015	4988
3016	4994
3017	4997
3018	5001
3019	5005
3020	5011
3021	5016
3022	5023
3023	5027
3024	5031
3025	5035
3026	5041
3027	5046
3028	5051
3029	5055
3030	5059
3031	5064
3032	5070
3033	5074
3034	5080
3035	5085
3036	5088
3037	5093
3038	5096
3039	5099
3040	5103
3041	5107
3042	5111
3043	5117
3044	5121
3045	5126
3046	5130
3047	5134
3048	5138
3049	5144
3050	5149
3051	5154
3052	5159
3053	5163
3054	5166
3055	5171
3056	5175
3057	5178
3058	5182
3059	5186
3060	5190
3061	5193
3062	5197
3063	5201
3064	5204
3065	5208
3066	5211
3067	5216
3068	5222
3069	5228
3070	5232
3071	5236
3072	5241
3073	5245
3074	5249
3075	5253
3076	5256
3077	5259
3078	5263
3079	5267
3080	5270
3081	5274
3082	5278
3083	5282
3084	5286
3085	5288
3086	5288
3087	5288
3088	5288
3089	5288
3090	5290
3091	5292
3092	5294
3093	5296
3094	5296
3095	5296
3096	5296
3097	5296
3098	5296
3099	5296
3100	5297
3101	5298
3102	5299
3103	5299
3104	5299
3105	5299
3106	5299
3107	5299
3108	5299
3109	5299
3110	5299
3111	5299
3112	5299
3113	5299
3114	5299
3115	5299
3116	5299
3117	5299
3118	5299
3119	5299
3120	5299
3121	5299
3122	5299
3123	5299
3124	5299
3125	5299
3126	5299
3127	5299
3128	5299
3129	5299
3130	5299
3131	5299
3132	5299
3133	5299
3134	5299
3135	5299
3136	5299
3137	5299
3138	5299
3139	5299
3140	5301
3141	5302
3142	5304
3143	5305
3144	5305
3145	5306
3146	5308
3147	5310
3148	5311
3149	5311
3150	5311
3151	5311
3152	5313
3153	5315
3154	5316
3155	5317
3156	5317
3157	5318
3158	5319
3159	5320
3160	5322
3161	5323
3162	5324
3163	5326
3164	5327
3165	5329
3166	5330
3167	5330
3168	5330
3169	5330
3170	5330
3171	5330
3172	5330
3173	5330
3174	5330
3175	5330
3176	5330
3177	5330
3178	5330
3179	5330
3180	5331
3181	5332
3182	5334
3183	5335
3184	5336
3185	5336
3186	5336
3187	5338
3188	5338
3189	5338
3190	5338
3191	5338
3192	5338
3193	5339
3194	5340
3195	5342
3196	5344
3197	5344
3198	5344
3199	5344
3200	5344
3201	5344
3202	5344
3203	5344
3204	5344
3205	5344
3206	5344
3207	5344
3208	5344
3209	5344
3210	5344
3211	5344
3212	5346
3213	5348
3214	5349
3215	5350
3216	5350
3217	5350
3218	5350
3219	5350
3220	5350
3221	5350
3222	5350
3223	5350
3224	5350
3225	5350
3226	5350
3227	5350
3228	5350
3229	5350
3230	5350
3231	5350
3232	5350
3233	5350
3234	5350
3235	5350
3236	5350
3237	5350
3238	5350
3239	5350
3240	5350
3241	5350
3242	5350
3243	5351
3244	5351
3245	5351
3246	5351
3247	5351
3248	5351
3249	5353
3250	5354
3251	5355
3252	5357
3253	5357
3254	5357
3255	5357
3256	5357
3257	5357
3258	5357
3259	5357
3260	5357
3261	5357
3262	5357
3263	5357
3264	5357
3265	5357
3266	5357
3267	5357
3268	5357
3269	5357
3270	5357
3271	5357
3272	5357
3273	5357
3274	5357
3275	5357
3276	5357
3277	5357
3278	5357
3279	5357
3280	5357
3281	5357
3282	5357
3283	5357
3284	5357
3285	5357
3286	5357
3287	5357
3288	5358
3289	5360
3290	5362
3291	5364
3292	5364
3293	5364
3294	5364
3295	5364
3296	5364
3297	5364
3298	5364
3299	5364
3300	5364
3301	5364
3302	5364
3303	5364
3304	5364
3305	5364
3306	5364
3307	5367
3308	5368
3309	5368
3310	5368
3311	5368
3312	5368
3313	5368
3314	5368
3315	5368
3316	5368
3317	5368
3318	5368
3319	5368
3320	5368
3321	5368
3322	5368
3323	5368
3324	5368
3325	5368
3326	5368
3327	5368
3328	5368
3329	5368
3330	5368
3331	5368
3332	5370
3333	5371
3334	5371
3335	5371
3336	5371
3337	5371
3338	5371
3339	5371
3340	5371
3341	5371
3342	5371
3343	5371
3344	5371
3345	5371
3346	5371
3347	5371
3348	5372
3349	5372
3350	5372
3351	5372
3352	5372
3353	5372
3354	5373
3355	5373
3356	5373
3357	5373
3358	5373
3359	5373
3360	5373
3361	5373
3362	5373
3363	5373
3364	5373
3365	5373
3366	5373
3367	5373
3368	5373
3369	5373
3370	5374
3371	5375
3372	5377
3373	5379
3374	5379
3375	5379
3376	5379
3377	5379
3378	5379
3379	5379
3380	5379
3381	5379
3382	5379
3383	5379
3384	5379
3385	5379
3386	5379
3387	5379
3388	5379
3389	5379
3390	5379
3391	5379
3392	5379
3393	5380
3394	5381
3395	5383
3396	5383
3397	5383
3398	5383
3399	5383
3400	5383
3401	5383
3402	5383
3403	5383
3404	5383
3405	5384
3406	5386
3407	5386
3408	5386
3409	5386
3410	5386
3411	5386
3412	5386
3413	5386
3414	5386
3415	5386
3416	5386
3417	5388
3418	5389
3419	5391
3420	5393
3421	5393
3422	5393
3423	5393
3424	5393
3425	5393
3426	5393
3427	5393
3428	5393
3429	5393
3430	5393
3431	5393
3432	5393
3433	5393
3434	5395
3435	5396
3436	5398
3437	5399
3438	5399
3439	5399
3440	5401
3441	5401
3442	5401
3443	5401
3444	5401
3445	5401
3446	5403
3447	5405
3448	5407
3449	5408
3450	5410
3451	5412
3452	5415
3453	5418
3454	5421
3455	5424
3456	5424
3457	5424
3458	5424
3459	5424
3460	5424
3461	5424
3462	5424
3463	5424
3464	5424
3465	5424
3466	5424
3467	5424
3468	5424
3469	5424
3470	5424
3471	5424
3472	5424
3473	5424
3474	5424
3475	5424
3476	5424
3477	5424
3478	5424
3479	5424
3480	5424
3481	5424
3482	5424
3483	5424
3484	5424
3485	5424
3486	5424
3487	5424
3488	5424
3489	5424
3490	5424
3491	5424
3492	5425
3493	5427
3494	5428
3495	5428
3496	5428
3497	5428
3498	5429
3499	5429
3500	5429
3501	5429
3502	5429
3503	5429
3504	5429
3505	5431
3506	5432
3507	5434
3508	5435
3509	5435
3510	5436
3511	5437
3512	5439
3513	5441
3514	5441
3515	5441
3516	5443
3517	5443
3518	5443
3519	5443
3520	5443
3521	5443
3522	5443
3523	5443
3524	5443
3525	5443
3526	5443
3527	5443
3528	5443
3529	5443
3530	5443
3531	5443
3532	5443
3533	5444
3534	5445
3535	5446
3536	5448
3537	5449
3538	5449
3539	5449
3540	5450
3541	5452
3542	5454
3543	5455
3544	5455
3545	5455
3546	5455
3547	5457
3548	5459
3549	5460
3550	5460
3551	5460
3552	5460
3553	5460
3554	5460
3555	5460
3556	5460
3557	5460
3558	5460
3559	5460
3560	5460
3561	5460
3562	5460
3563	5460
3564	5460
3565	5460
3566	5460
3567	5460
3568	5460
3569	5460
3570	5460
3571	5460
3572	5460
3573	5460
3574	5460
3575	5460
3576	5460
3577	5462
3578	5462
3579	5462
3580	5462
3581	5462
3582	5462
3583	5462
3584	5462
3585	5462
3586	5462
3587	5462
3588	5462
3589	5462
3590	5462
3591	5462
3592	5462
3593	5462
3594	5462
3595	5462
3596	5462
3597	5462
3598	5462
3599	5462
3600	5462
3601	5463
3602	5463
3603	5463
3604	5463
3605	5464
3606	5465
3607	5467
3608	5468
3609	5469
3610	5469
3611	5469
3612	5470
3613	5470
3614	5470
3615	5470
3616	5470
3617	5470
3618	5470
3619	5470
3620	5470
3621	5470
3622	5470
3623	5471
3624	5472
3625	5472
3626	5472
3627	5472
3628	5473
3629	5473
3630	5473
3631	5473
3632	5473
3633	5473
3634	5474
3635	5474
3636	5474
3637	5474
3638	5474
3639	5474
3640	5474
3641	5474
3642	5474
3643	5474
3644	5474
3645	5474
3646	5474
3647	5477
3648	5477
3649	5477
3650	5477
3651	5477
3652	5478
3653	5480
3654	5482
3655	5483
3656	5483
3657	5483
3658	5483
3659	5483
3660	5483
3661	5483
3662	5483
3663	5483
3664	5483
3665	5483
3666	5483
3667	5483
3668	5483
3669	5483
3670	5483
3671	5483
3672	5483
3673	5483
3674	5483
3675	5484
3676	5484
3677	5484
3678	5484
3679	5484
3680	5484
3681	5484
3682	5484
3683	5484
3684	5484
3685	5484
3686	5484
3687	5484
3688	5484
3689	5484
3690	5484
3691	5484
3692	5484
3693	5484
3694	5485
3695	5485
3696	5485
3697	5485
3698	5485
3699	5485
3700	5485
3701	5485
3702	5485
3703	5485
3704	5485
3705	5485
3706	5485
3707	5485
3708	5485
3709	5485
3710	5485
3711	5485
3712	5485
3713	5486
3714	5486
3715	5486
3716	5486
3717	5486
3718	5486
3719	5487
3720	5487
3721	5487
3722	5487
3723	5487
3724	5487
3725	5488
3726	5488
3727	5488
3728	5488
3729	5488
3730	5488
3731	5489
3732	5489
3733	5489
3734	5489
3735	5489
3736	5489
3737	5489
3738	5489
3739	5489
3740	5489
3741	5489
3742	5489
3743	5489
3744	5489
3745	5489
3746	5489
3747	5489
3748	5489
3749	5489
3750	5489
3751	5489
3752	5489
3753	5489
3754	5489
3755	5489
3756	5489
3757	5489
3758	5489
3759	5489
3760	5491
3761	5492
3762	5493
3763	5493
3764	5493
3765	5493
3766	5493
3767	5493
3768	5493
3769	5493
3770	5493
3771	5493
3772	5494
3773	5494
3774	5494
3775	5494
3776	5494
3777	5494
3778	5495
3779	5495
3780	5495
3781	5495
3782	5495
3783	5495
3784	5496
3785	5499
3786	5499
3787	5499
3788	5499
3789	5499
3790	5499
3791	5499
3792	5499
3793	5499
3794	5499
3795	5499
3796	5500
3797	5500
3798	5500
3799	5500
3800	5500
3801	5500
3802	5500
3803	5500
3804	5500
3805	5500
3806	5501
3807	5503
3808	5505
3809	5506
3810	5506
3811	5506
3812	5507
3813	5507
3814	5507
3815	5507
3816	5507
3817	5508
3818	5508
3819	5508
3820	5508
3821	5508
3822	5508
3823	5509
3824	5510
3825	5510
3826	5510
3827	5510
3828	5510
3829	5511
3830	5512
3831	5512
3832	5512
3833	5512
3834	5513
3835	5515
3836	5515
3837	5515
3838	5515
3839	5516
3840	5516
3841	5516
3842	5516
3843	5516
3844	5516
3845	5516
3846	5517
3847	5517
3848	5517
3849	5517
3850	5517
3851	5517
3852	5517
3853	5517
3854	5517
3855	5517
3856	5517
3857	5517
3858	5518
3859	5519
3860	5519
3861	5519
3862	5519
3863	5519
3864	5519
3865	5519
3866	5519
3867	5519
3868	5519
3869	5519
3870	5519
3871	5519
3872	5519
3873	5519
3874	5519
3875	5519
3876	5519
3877	5519
3878	5519
3879	5519
3880	5519
3881	5519
3882	5520
3883	5520
3884	5520
3885	5520
3886	5520
3887	5520
3888	5521
3889	5521
3890	5521
3891	5521
3892	5521
3893	5521
3894	5521
3895	5521
3896	5521
3897	5521
3898	5521
3899	5521
3900	5521
3901	5521
3902	5521
3903	5521
3904	5522
3905	5523
3906	5523
3907	5523
3908	5523
3909	5523
3910	5525
3911	5525
3912	5525
3913	5525
3914	5525
3915	5525
3916	5526
3917	5527
3918	5527
3919	5527
3920	5527
3921	5527
3922	5529
3923	5529
3924	5529
3925	5529
3926	5529
3927	5529
3928	5530
3929	5531
3930	5531
3931	5531
3932	5531
3933	5531
3934	5532
3935	5532
3936	5532
3937	5532
3938	5532
3939	5532
3940	5532
3941	5532
3942	5532
3943	5532
3944	5532
3945	5532
3946	5533
3947	5533
3948	5533
3949	5533
3950	5533
3951	5533
3952	5533
3953	5533
3954	5533
3955	5533
3956	5533
3957	5533
3958	5533
3959	5533
3960	5533
3961	5533
3962	5533
3963	5533
3964	5534
3965	5536
3966	5538
3967	5540
3968	5540
3969	5540
3970	5540
3971	5540
3972	5540
3973	5540
3974	5540
3975	5540
3976	5540
3977	5540
3978	5540
3979	5540
3980	5540
3981	5540
3982	5541
3983	5543
3984	5545
3985	5547
3986	5549
3987	5549
3988	5549
3989	5549
3990	5549
3991	5549
3992	5549
3993	5549
3994	5549
3995	5549
3996	5549
3997	5549
3998	5549
3999	5549
4000	5549
4001	5549
4002	5549
4003	5549
4004	5549
4005	5549
4006	5549
4007	5549
4008	5549
4009	5549
4010	5549
4011	5551
4012	5553
4013	5554
4014	5555
4015	5555
4016	5555
4017	5557
4018	5557
4019	5557
4020	5557
4021	5557
4022	5557
4023	5557
4024	5557
4025	5557
4026	5557
4027	5558
4028	5558
4029	5558
4030	5558
4031	5558
4032	5558
4033	5558
4034	5558
4035	5558
4036	5558
4037	5558
4038	5559
4039	5559
4040	5559
4041	5559
4042	5559
4043	5559
4044	5559
4045	5559
4046	5559
4047	5559
4048	5559
4049	5560
4050	5562
4051	5564
4052	5566
4053	5566
4054	5566
4055	5566
4056	5567
4057	5569
4058	5571
4059	5572
4060	5572
4061	5572
4062	5572
4063	5572
4064	5572
4065	5572
4066	5572
4067	5572
4068	5572
4069	5572
4070	5572
4071	5572
4072	5572
4073	5572
4074	5572
4075	5572
4076	5572
4077	5572
4078	5572
4079	5572
4080	5572
4081	5573
4082	5574
4083	5574
4084	5574
4085	5574
4086	5574
4087	5574
4088	5574
4089	5574
4090	5574
4091	5574
4092	5574
4093	5574
4094	5574
4095	5574
4096	5574
4097	5574
4098	5574
4099	5574
4100	5574
4101	5574
4102	5574
4103	5574
4104	5574
4105	5576
4106	5578
4107	5580
4108	5581
4109	5581
4110	5581
4111	5581
4112	5581
4113	5581
4114	5581
4115	5581
4116	5581
4117	5581
4118	5581
4119	5581
4120	5581
4121	5581
4122	5581
4123	5581
4124	5581
4125	5581
4126	5581
4127	5581
4128	5581
4129	5581
4130	5581
4131	5581
4132	5582
4133	5584
4134	5586
4135	5587
4136	5587
4137	5587
4138	5587
4139	5589
4140	5590
4141	5592
4142	5593
4143	5593
4144	5593
4145	5593
4146	5593
4147	5593
4148	5593
4149	5593
4150	5594
4151	5597
4152	5597
4153	5597
4154	5597
4155	5597
4156	5597
4157	5597
4158	5597
4159	5597
4160	5597
4161	5598
4162	5599
4163	5599
4164	5599
4165	5599
4166	5600
4167	5602
4168	5603
4169	5605
4170	5606
4171	5606
4172	5608
4173	5609
4174	5611
4175	5612
4176	5612
4177	5612
4178	5613
4179	5615
4180	5617
4181	5619
4182	5619
4183	5619
4184	5620
4185	5622
4186	5622
4187	5622
4188	5622
4189	5622
4190	5622
4191	5622
4192	5622
4193	5622
4194	5622
4195	5622
4196	5623
4197	5623
4198	5623
4199	5623
4200	5623
4201	5623
4202	5624
4203	5625
4204	5625
4205	5625
4206	5625
4207	5625
4208	5625
4209	5625
4210	5625
4211	5625
4212	5625
4213	5625
4214	5625
4215	5625
4216	5625
4217	5625
4218	5625
4219	5625
4220	5626
4221	5628
4222	5628
4223	5628
4224	5628
4225	5628
4226	5629
4227	5629
4228	5629
4229	5629
4230	5629
4231	5631
4232	5632
4233	5634
4234	5636
4235	5636
4236	5636
4237	5636
4238	5637
4239	5639
4240	5641
4241	5642
4242	5642
4243	5642
4244	5642
4245	5642
4246	5642
4247	5642
4248	5642
4249	5642
4250	5642
4251	5642
4252	5642
4253	5642
4254	5642
4255	5642
4256	5644
4257	5646
4258	5648
4259	5649
4260	5649
4261	5649
4262	5651
4263	5653
4264	5655
4265	5656
4266	5656
4267	5658
4268	5660
4269	5662
4270	5663
4271	5663
4272	5663
4273	5664
4274	5666
4275	5668
4276	5669
4277	5671
4278	5672
4279	5674
4280	5676
4281	5676
4282	5676
4283	5676
4284	5677
4285	5678
4286	5680
4287	5682
4288	5682
4289	5682
4290	5682
4291	5682
4292	5682
4293	5682
4294	5682
4295	5682
4296	5682
4297	5682
4298	5682
4299	5682
4300	5682
4301	5682
4302	5682
4303	5682
4304	5682
4305	5682
4306	5682
4307	5682
4308	5682
4309	5682
4310	5682
4311	5682
4312	5682
4313	5682
4314	5682
4315	5682
4316	5682
4317	5682
4318	5682
4319	5682
4320	5683
4321	5683
4322	5683
4323	5683
4324	5683
4325	5683
4326	5684
4327	5686
4328	5687
4329	5689
4330	5689
4331	5689
4332	5692
4333	5693
4334	5693
4335	5693
4336	5693
4337	5693
4338	5693
4339	5693
4340	5693
4341	5693
4342	5693
4343	5693
4344	5693
4345	5693
4346	5693
4347	5693
4348	5694
4349	5694
4350	5694
4351	5694
4352	5694
4353	5694
4354	5694
4355	5696
4356	5698
4357	5700
4358	5701
4359	5701
4360	5701
4361	5701
4362	5701
4363	5701
4364	5701
4365	5701
4366	5701
4367	5701
4368	5701
4369	5701
4370	5701
4371	5701
4372	5701
4373	5701
4374	5701
4375	5701
4376	5701
4377	5701
4378	5701
4379	5701
4380	5701
4381	5701
4382	5701
4383	5701
4384	5701
4385	5701
4386	5701
4387	5701
4388	5701
4389	5701
4390	5701
4391	5702
4392	5705
4393	5705
4394	5705
4395	5705
4396	5706
4397	5708
4398	5712
4399	5717
4400	5720
4401	5724
4402	5726
4403	5728
4404	5730
4405	5730
4406	5730
4407	5731
4408	5733
4409	5734
4410	5736
4411	5737
4412	5740
4413	5742
4414	5743
4415	5745
4416	5746
4417	5747
4418	5747
4419	5747
4420	5747
4421	5747
4422	5747
4423	5747
4424	5747
4425	5747
4426	5747
4427	5747
4428	5747
4429	5747
4430	5747
4431	5749
4432	5750
4433	5750
4434	5750
4435	5750
4436	5752
4437	5753
4438	5755
4439	5757
4440	5757
4441	5757
4442	5759
4443	5760
4444	5762
4445	5763
4446	5763
4447	5763
4448	5764
4449	5764
4450	5764
4451	5764
4452	5764
4453	5764
4454	5764
4455	5764
4456	5764
4457	5764
4458	5764
4459	5764
4460	5766
4461	5768
4462	5770
4463	5771
4464	5771
4465	5771
4466	5771
4467	5771
4468	5771
4469	5771
4470	5771
4471	5771
4472	5771
4473	5771
4474	5771
4475	5771
4476	5771
4477	5771
4478	5771
4479	5771
4480	5771
4481	5771
4482	5771
4483	5774
4484	5775
4485	5775
4486	5775
4487	5775
4488	5775
4489	5775
4490	5775
4491	5775
4492	5775
4493	5775
4494	5776
4495	5778
4496	5778
4497	5778
4498	5778
4499	5778
4500	5780
4501	5781
4502	5783
4503	5784
4504	5784
4505	5784
4506	5787
4507	5787
4508	5787
4509	5787
4510	5787
4511	5787
4512	5788
4513	5788
4514	5788
4515	5788
4516	5788
4517	5788
4518	5790
4519	5791
4520	5792
4521	5794
4522	5794
4523	5794
4524	5795
4525	5797
4526	5797
4527	5797
4528	5797
4529	5797
4530	5797
4531	5797
4532	5797
4533	5797
4534	5797
4535	5797
4536	5797
4537	5797
4538	5797
4539	5797
4540	5797
4541	5797
4542	5797
4543	5797
4544	5797
4545	5797
4546	5797
4547	5797
4548	5798
4549	5799
4550	5801
4551	5803
4552	5804
4553	5805
4554	5807
4555	5809
4556	5810
4557	5810
4558	5810
4559	5810
4560	5810
4561	5810
4562	5810
4563	5810
4564	5810
4565	5810
4566	5810
4567	5810
4568	5810
4569	5810
4570	5810
4571	5810
4572	5810
4573	5810
4574	5810
4575	5810
4576	5810
4577	5810
4578	5810
4579	5810
4580	5810
4581	5810
4582	5810
4583	5810
4584	5810
4585	5810
4586	5810
4587	5810
4588	5810
4589	5810
4590	5810
4591	5810
4592	5810
4593	5810
4594	5810
4595	5810
4596	5810
4597	5810
4598	5810
4599	5810
4600	5810
4601	5812
4602	5814
4603	5816
4604	5817
4605	5817
4606	5817
4607	5818
4608	5819
4609	5822
4610	5824
4611	5824
4612	5824
4613	5825
4614	5825
4615	5825
4616	5825
4617	5825
4618	5825
4619	5825
4620	5825
4621	5825
4622	5825
4623	5825
4624	5825
4625	5825
4626	5825
4627	5825
4628	5825
4629	5825
4630	5825
4631	5825
4632	5825
4633	5825
4634	5825
4635	5825
4636	5825
4637	5825
4638	5825
4639	5825
4640	5825
4641	5825
4642	5825
4643	5827
4644	5828
4645	5828
4646	5828
4647	5828
4648	5828
4649	5828
4650	5828
4651	5828
4652	5828
4653	5828
4654	5828
4655	5830
4656	5830
4657	5830
4658	5830
4659	5830
4660	5830
4661	5830
4662	5830
4663	5830
4664	5830
4665	5832
4666	5833
4667	5835
4668	5836
4669	5836
4670	5836
4671	5836
4672	5836
4673	5836
4674	5836
4675	5836
4676	5836
4677	5838
4678	5839
4679	5841
4680	5842
4681	5842
4682	5842
4683	5842
4684	5842
4685	5842
4686	5842
4687	5842
4688	5842
4689	5842
4690	5842
4691	5842
4692	5842
4693	5842
4694	5842
4695	5842
4696	5842
4697	5843
4698	5843
4699	5843
4700	5843
4701	5843
4702	5843
4703	5843
4704	5846
4705	5846
4706	5846
4707	5846
4708	5846
4709	5846
4710	5846
4711	5846
4712	5846
4713	5846
4714	5846
4715	5846
4716	5846
4717	5846
4718	5846
4719	5846
4720	5846
4721	5846
4722	5847
4723	5849
4724	5851
4725	5852
4726	5852
4727	5852
4728	5852
4729	5852
4730	5852
4731	5852
4732	5852
4733	5852
4734	5853
4735	5853
4736	5853
4737	5853
4738	5853
4739	5853
4740	5853
4741	5853
4742	5853
4743	5853
4744	5853
4745	5853
4746	5853
4747	5853
4748	5853
4749	5853
4750	5854
4751	5855
4752	5857
4753	5859
4754	5859
4755	5859
4756	5860
4757	5862
4758	5863
4759	5865
4760	5865
4761	5865
4762	5865
4763	5865
4764	5865
4765	5865
4766	5865
4767	5866
4768	5869
4769	5869
4770	5869
4771	5869
4772	5869
4773	5869
4774	5869
4775	5869
4776	5869
4777	5869
4778	5869
4779	5869
4780	5869
4781	5869
4782	5869
4783	5869
4784	5869
4785	5869
4786	5869
4787	5869
4788	5869
4789	5870
4790	5874
4791	5878
4792	5882
4793	5886
4794	5889
4795	5891
4796	5893
4797	5894
4798	5894
4799	5894
4800	5894
4801	5894
4802	5895
4803	5896
4804	5898
4805	5901
4806	5901
4807	5901
4808	5901
4809	5903
4810	5904
4811	5906
4812	5907
4813	5907
4814	5908
4815	5908
4816	5908
4817	5908
4818	5908
4819	5908
4820	5908
4821	5908
4822	5908
4823	5908
4824	5908
4825	5908
4826	5908
4827	5908
4828	5908
4829	5908
4830	5908
4831	5908
4832	5909
4833	5911
4834	5911
4835	5911
4836	5911
4837	5911
4838	5911
4839	5911
4840	5911
4841	5911
4842	5912
4843	5912
4844	5912
4845	5912
4846	5912
4847	5912
4848	5912
4849	5913
4850	5915
4851	5917
4852	5918
4853	5918
4854	5918
4855	5918
4856	5918
4857	5918
4858	5918
4859	5918
4860	5918
4861	5918
4862	5918
4863	5918
4864	5918
4865	5918
4866	5918
4867	5918
4868	5919
4869	5920
4870	5920
4871	5920
4872	5920
4873	5920
4874	5920
4875	5922
4876	5922
4877	5922
4878	5922
4879	5922
4880	5922
4881	5924
4882	5925
4883	5927
4884	5928
4885	5928
4886	5928
4887	5928
4888	5928
4889	5928
4890	5928
4891	5928
4892	5928
4893	5928
4894	5930
4895	5930
4896	5930
4897	5930
4898	5930
4899	5930
4900	5930
4901	5930
4902	5930
4903	5930
4904	5930
4905	5931
4906	5931
4907	5931
4908	5931
4909	5931
4910	5931
4911	5931
4912	5931
4913	5931
4914	5931
4915	5931
4916	5932
4917	5934
4918	5935
4919	5937
4920	5937
4921	5938
4922	5940
4923	5941
4924	5943
4925	5943
4926	5944
4927	5946
4928	5947
4929	5949
4930	5949
4931	5949
4932	5949
4933	5949
4934	5949
4935	5949
4936	5949
4937	5949
4938	5949
4939	5949
4940	5949
4941	5949
4942	5949
4943	5949
4944	5949
4945	5949
4946	5949
4947	5949
4948	5949
4949	5949
4950	5949
4951	5949
4952	5949
4953	5949
4954	5951
4955	5952
4956	5954
4957	5956
4958	5956
4959	5956
4960	5957
4961	5959
4962	5961
4963	5962
4964	5963
4965	5963
4966	5963
4967	5963
4968	5963
4969	5963
4970	5963
4971	5963
4972	5963
4973	5963
4974	5963
4975	5963
4976	5963
4977	5963
4978	5963
4979	5963
4980	5963
4981	5963
4982	5963
4983	5963
4984	5963
4985	5963
4986	5963
4987	5963
4988	5963
4989	5963
4990	5963
4991	5964
4992	5964
4993	5964
4994	5964
4995	5964
4996	5964
4997	5966
4998	5968
4999	5970
5000	5970
5001	5970
5002	5971
5003	5973
5004	5974
5005	5976
5006	5977
5007	5977
5008	5977
5009	5977
5010	5977
5011	5977
5012	5977
5013	5977
5014	5977
5015	5977
5016	5977
5017	5977
5018	5977
5019	5977
5020	5977
5021	5978
5022	5978
5023	5978
5024	5978
5025	5978
5026	5978
5027	5978
5028	5978
5029	5978
5030	5978
5031	5979
5032	5981
5033	5982
5034	5984
5035	5984
5036	5984
5037	5984
5038	5984
5039	5984
5040	5984
5041	5984
5042	5984
5043	5985
5044	5985
5045	5985
5046	5985
5047	5985
5048	5985
5049	5985
5050	5985
5051	5985
5052	5985
5053	5985
5054	5985
5055	5986
5056	5988
5057	5990
5058	5991
5059	5991
5060	5992
5061	5994
5062	5995
5063	5995
5064	5995
5065	5995
5066	5995
5067	5995
5068	5995
5069	5995
5070	5995
5071	5995
5072	5995
5073	5995
5074	5995
5075	5995
5076	5995
5077	5995
5078	5996
5079	5997
5080	5999
5081	6000
5082	6001
5083	6001
5084	6001
5085	6001
5086	6001
5087	6001
5088	6001
5089	6001
5090	6001
5091	6001
5092	6001
5093	6001
5094	6001
5095	6001
5096	6001
5097	6001
5098	6001
5099	6001
5100	6001
5101	6001
5102	6001
5103	6001
5104	6001
5105	6001
5106	6001
5107	6003
5108	6004
5109	6006
5110	6007
5111	6007
5112	6007
5113	6007
5114	6007
5115	6007
5116	6007
5117	6007
5118	6008
5119	6008
5120	6008
5121	6008
5122	6008
5123	6008
5124	6008
5125	6008
5126	6008
5127	6008
5128	6008
5129	6008
5130	6008
5131	6008
5132	6008
5133	6008
5134	6008
5135	6008
5136	6008
5137	6008
5138	6008
5139	6008
5140	6008
5141	6008
5142	6008
5143	6008
5144	6008
5145	6008
5146	6008
5147	6008
5148	6008
5149	6008
5150	6008
5151	6008
5152	6008
5153	6009
5154	6011
5155	6013
5156	6014
5157	6014
5158	6014
5159	6014
5160	6014
5161	6014
5162	6014
5163	6014
5164	6014
5165	6014
5166	6014
5167	6014
5168	6014
5169	6014
5170	6014
5171	6014
5172	6014
5173	6014
5174	6014
5175	6015
5176	6018
5177	6021
5178	6025
5179	6027
5180	6030
5181	6032
5182	6038
5183	6040
5184	6044
5185	6047
5186	6049
5187	6051
5188	6054
5189	6055
5190	6057
5191	6058
5192	6059
5193	6059
5194	6059
5195	6059
5196	6059
5197	6059
5198	6059
5199	6059
5200	6059
5201	6059
5202	6059
5203	6059
5204	6059
5205	6059
5206	6059
5207	6059
5208	6059
5209	6059
5210	6059
5211	6059
5212	6059
5213	6059
5214	6059
5215	6059
5216	6059
5217	6059
5218	6059
5219	6059
5220	6059
5221	6059
5222	6060
5223	6060
5224	6060
5225	6060
5226	6060
5227	6061
5228	6062
5229	6064
5230	6066
5231	6066
5232	6066
5233	6066
5234	6066
5235	6066
5236	6066
5237	6066
5238	6066
5239	6066
5240	6066
5241	6066
5242	6066
5243	6066
5244	6067
5245	6069
5246	6070
5247	6072
5248	6072
5249	6072
5250	6072
5251	6074
5252	6074
5253	6074
5254	6074
5255	6074
5256	6074
5257	6074
5258	6074
5259	6074
5260	6074
5261	6074
5262	6076
5263	6077
5264	6079
5265	6080
5266	6080
5267	6080
5268	6080
5269	6082
5270	6084
5271	6085
5272	6086
5273	6086
5274	6086
5275	6088
5276	6089
5277	6089
5278	6089
5279	6089
5280	6089
5281	6090
5282	6091
5283	6091
5284	6091
5285	6091
5286	6091
5287	6091
5288	6091
5289	6091
5290	6091
5291	6091
5292	6091
5293	6091
5294	6091
5295	6091
5296	6091
5297	6091
5298	6091
5299	6091
5300	6091
5301	6091
5302	6091
5303	6091
5304	6092
5305	6094
5306	6096
5307	6097
5308	6097
5309	6097
5310	6097
5311	6097
5312	6097
5313	6097
5314	6098
5315	6099
5316	6101
5317	6102
5318	6104
5319	6105
5320	6107
5321	6108
5322	6110
5323	6110
5324	6111
5325	6113
5326	6115
5327	6117
5328	6117
5329	6117
5330	6117
5331	6117
5332	6117
5333	6117
5334	6117
5335	6117
5336	6117
5337	6119
5338	6120
5339	6121
5340	6121
5341	6121
5342	6121
5343	6121
5344	6121
5345	6121
5346	6121
5347	6121
5348	6122
5349	6122
5350	6122
5351	6122
5352	6122
5353	6122
5354	6122
5355	6122
5356	6122
5357	6122
5358	6122
5359	6122
5360	6123
5361	6125
5362	6127
5363	6128
5364	6129
5365	6129
5366	6129
5367	6130
5368	6131
5369	6131
5370	6131
5371	6131
5372	6132
5373	6132
5374	6132
5375	6132
5376	6132
5377	6132
5378	6132
5379	6132
5380	6132
5381	6132
5382	6132
5383	6132
5384	6132
5385	6134
5386	6136
5387	6136
5388	6136
5389	6136
5390	6136
5391	6136
5392	6136
5393	6136
5394	6136
5395	6136
5396	6136
5397	6136
5398	6136
5399	6136
5400	6136
5401	6136
5402	6137
5403	6137
5404	6137
5405	6137
5406	6137
5407	6138
5408	6138
5409	6138
5410	6138
5411	6138
5412	6138
5413	6138
5414	6138
5415	6138
5416	6138
5417	6138
5418	6139
5419	6142
5420	6144
5421	6144
5422	6144
5423	6144
5424	6144
5425	6144
5426	6144
5427	6144
5428	6144
5429	6145
5430	6145
5431	6145
5432	6145
5433	6145
5434	6145
5435	6145
5436	6147
5437	6149
5438	6150
5439	6151
5440	6151
5441	6151
5442	6151
5443	6151
5444	6151
5445	6151
5446	6151
5447	6151
5448	6151
5449	6151
5450	6151
5451	6151
5452	6153
5453	6154
5454	6156
5455	6158
5456	6158
5457	6158
5458	6159
5459	6159
5460	6159
5461	6159
5462	6159
5463	6159
5464	6159
5465	6160
5466	6160
5467	6160
5468	6160
5469	6160
5470	6160
5471	6160
5472	6160
5473	6160
5474	6160
5475	6160
5476	6160
5477	6161
5478	6162
5479	6162
5480	6162
5481	6162
5482	6163
5483	6163
5484	6163
5485	6163
5486	6163
5487	6163
5488	6164
5489	6166
5490	6168
5491	6170
5492	6170
5493	6170
5494	6170
5495	6170
5496	6170
5497	6170
5498	6170
5499	6170
5500	6170
5501	6170
5502	6170
5503	6170
5504	6170
5505	6170
5506	6170
5507	6170
5508	6170
5509	6170
5510	6170
5511	6170
5512	6170
5513	6170
5514	6170
5515	6170
5516	6170
5517	6172
5518	6174
5519	6176
5520	6177
5521	6177
5522	6179
5523	6180
5524	6180
5525	6180
5526	6180
5527	6180
5528	6181
5529	6183
5530	6185
5531	6187
5532	6187
5533	6187
5534	6187
5535	6189
5536	6190
5537	6192
5538	6193
5539	6193
5540	6193
5541	6193
5542	6193
5543	6193
5544	6193
5545	6193
5546	6194
5547	6196
5548	6197
5549	6199
5550	6199
5551	6199
5552	6200
5553	6202
5554	6204
5555	6205
5556	6206
5557	6206
5558	6208
5559	6210
5560	6211
5561	6212
5562	6213
5563	6213
5564	6213
5565	6213
5566	6213
5567	6213
5568	6213
5569	6213
5570	6213
5571	6213
5572	6213
5573	6213
5574	6213
5575	6213
5576	6213
5577	6213
5578	6213
5579	6213
5580	6213
5581	6213
5582	6213
5583	6213
5584	6213
5585	6214
5586	6214
5587	6214
5588	6214
5589	6214
5590	6215
5591	6217
5592	6219
5593	6220
5594	6220
5595	6220
5596	6220
5597	6220
5598	6220
5599	6220
5600	6221
5601	6221
5602	6221
5603	6221
5604	6221
5605	6221
5606	6221
5607	6221
5608	6221
5609	6221
5610	6221
5611	6221
5612	6222
5613	6224
5614	6226
5615	6227
5616	6227
5617	6227
5618	6227
5619	6229
5620	6229
5621	6229
5622	6229
5623	6229
5624	6229
5625	6231
5626	6233
5627	6234
5628	6235
5629	6235
5630	6237
5631	6238
5632	6240
5633	6241
5634	6241
5635	6241
5636	6241
5637	6241
5638	6241
5639	6241
5640	6241
5641	6241
5642	6242
5643	6242
5644	6242
5645	6242
5646	6242
5647	6242
5648	6242
5649	6242
5650	6242
5651	6242
5652	6242
5653	6242
5654	6242
5655	6242
5656	6242
5657	6242
5658	6242
5659	6242
5660	6242
5661	6242
5662	6242
5663	6242
5664	6242
5665	6242
5666	6242
5667	6242
5668	6243
5669	6244
5670	6246
5671	6248
5672	6248
5673	6248
5674	6248
5675	6248
5676	6248
5677	6248
5678	6248
5679	6248
5680	6248
5681	6250
5682	6251
5683	6253
5684	6254
5685	6254
5686	6255
5687	6255
5688	6255
5689	6255
5690	6255
5691	6256
5692	6258
5693	6259
5694	6261
5695	6261
5696	6261
5697	6261
5698	6261
5699	6261
5700	6261
5701	6261
5702	6261
5703	6261
5704	6261
5705	6261
5706	6261
5707	6261
5708	6261
5709	6261
5710	6262
5711	6263
5712	6263
5713	6263
5714	6263
5715	6263
5716	6263
5717	6263
5718	6263
5719	6263
5720	6263
5721	6263
5722	6263
5723	6263
5724	6263
5725	6263
5726	6263
5727	6265
5728	6267
5729	6269
5730	6270
5731	6270
5732	6270
5733	6271
5734	6273
5735	6274
5736	6276
5737	6277
5738	6277
5739	6278
5740	6279
5741	6279
5742	6279
5743	6279
5744	6279
5745	6280
5746	6282
5747	6283
5748	6285
5749	6285
5750	6285
5751	6285
5752	6285
5753	6285
5754	6285
5755	6285
5756	6285
5757	6285
5758	6285
5759	6285
5760	6285
5761	6285
5762	6285
5763	6285
5764	6285
5765	6285
5766	6285
5767	6285
5768	6285
5769	6286
5770	6288
5771	6289
5772	6291
5773	6291
5774	6291
5775	6291
5776	6291
5777	6291
5778	6291
5779	6291
5780	6291
5781	6291
5782	6291
5783	6291
5784	6291
5785	6291
5786	6291
5787	6291
5788	6291
5789	6291
5790	6291
5791	6291
5792	6292
5793	6292
5794	6292
5795	6292
5796	6292
5797	6292
5798	6292
5799	6292
5800	6292
5801	6292
5802	6292
5803	6292
5804	6292
5805	6292
5806	6292
5807	6292
5808	6292
5809	6292
5810	6292
5811	6292
5812	6292
5813	6292
5814	6292
5815	6292
5816	6292
5817	6292
5818	6292
5819	6292
5820	6292
5821	6292
5822	6292
5823	6292
5824	6292
5825	6292
5826	6292
5827	6292
5828	6292
5829	6292
5830	6292
5831	6292
5832	6292
5833	6294
5834	6295
5835	6297
5836	6299
5837	6299
5838	6299
5839	6299
5840	6299
5841	6299
5842	6299
5843	6299
5844	6299
5845	6299
5846	6299
5847	6299
5848	6299
5849	6299
5850	6299
5851	6299
5852	6299
5853	6299
5854	6299
5855	6299
5856	6299
5857	6299
5858	6299
5859	6299
5860	6299
5861	6299
5862	6299
5863	6299
5864	6299
5865	6299
5866	6299
5867	6299
5868	6299
5869	6299
5870	6299
5871	6299
5872	6299
5873	6302
5874	6308
5875	6310
5876	6314
5877	6318
5878	6322
5879	6326
5880	6330
5881	6334
5882	6338
5883	6342
5884	6344
5885	6348
5886	6352
5887	6357
5888	6360
5889	6364
5890	6368
5891	6372
5892	6376
5893	6380
5894	6384
5895	6388
5896	6392
5897	6396
5898	6399
5899	6403
5900	6408
5901	6414
5902	6417
5903	6421
5904	6425
5905	6428
5906	6432
5907	6436
5908	6440
5909	6444
5910	6448
5911	6452
5912	6456
5913	6460
5914	6463
5915	6466
5916	6471
5917	6475
5918	6479
5919	6485
5920	6487
5921	6491
5922	6497
5923	6501
5924	6504
5925	6508
5926	6511
5927	6513
5928	6514
5929	6514
5930	6514
5931	6514
5932	6514
5933	6514
5934	6514
5935	6514
5936	6515
5937	6517
5938	6518
5939	6520
5940	6520
5941	6520
5942	6522
5943	6524
5944	6526
5945	6527
5946	6527
5947	6527
5948	6527
5949	6527
5950	6527
5951	6527
5952	6527
5953	6527
5954	6528
5955	6528
5956	6528
5957	6528
5958	6528
5959	6529
5960	6531
5961	6532
5962	6534
5963	6534
5964	6534
5965	6534
5966	6534
5967	6534
5968	6534
5969	6534
5970	6534
5971	6534
5972	6534
5973	6534
5974	6534
5975	6534
5976	6534
5977	6534
5978	6534
5979	6534
5980	6534
5981	6534
5982	6534
5983	6534
5984	6534
5985	6534
5986	6534
5987	6534
5988	6534
5989	6534
5990	6534
5991	6534
5992	6534
5993	6534
5994	6534
5995	6534
5996	6534
5997	6534
5998	6534
5999	6534
6000	6534
6001	6534
6002	6534
6003	6534
6004	6534
6005	6534
6006	6534
6007	6534
6008	6534
6009	6535
6010	6535
6011	6535
6012	6535
6013	6535
6014	6535
6015	6535
6016	6535
6017	6535
6018	6535
6019	6535
6020	6535
6021	6535
6022	6535
6023	6535
6024	6535
6025	6535
6026	6535
6027	6535
6028	6535
6029	6535
6030	6535
6031	6535
6032	6535
6033	6535
6034	6537
6035	6539
6036	6540
6037	6541
6038	6541
6039	6541
6040	6542
6041	6544
6042	6546
6043	6547
6044	6548
6045	6548
6046	6548
6047	6548
6048	6548
6049	6548
6050	6548
6051	6548
6052	6550
6053	6550
6054	6550
6055	6550
6056	6550
6057	6550
6058	6552
6059	6554
6060	6556
6061	6557
6062	6557
6063	6557
6064	6558
6065	6559
6066	6561
6067	6563
6068	6563
6069	6563
6070	6563
6071	6563
6072	6563
6073	6563
6074	6563
6075	6563
6076	6563
6077	6563
6078	6563
6079	6563
6080	6565
6081	6566
6082	6568
6083	6569
6084	6571
6085	6572
6086	6573
6087	6573
6088	6573
6089	6573
6090	6573
6091	6573
6092	6574
6093	6574
6094	6574
6095	6574
6096	6574
6097	6574
6098	6574
6099	6574
6100	6574
6101	6574
6102	6574
6103	6574
6104	6574
6105	6574
6106	6574
6107	6574
6108	6574
6109	6574
6110	6574
6111	6574
6112	6574
6113	6574
6114	6574
6115	6574
6116	6574
6117	6574
6118	6574
6119	6574
6120	6574
6121	6575
6122	6577
6123	6579
6124	6580
6125	6580
6126	6580
6127	6580
6128	6580
6129	6580
6130	6580
6131	6580
6132	6580
6133	6580
6134	6580
6135	6580
6136	6580
6137	6580
6138	6580
6139	6580
6140	6580
6141	6580
6142	6580
6143	6580
6144	6580
6145	6580
6146	6580
6147	6580
6148	6580
6149	6580
6150	6580
6151	6580
6152	6580
6153	6580
6154	6580
6155	6580
6156	6580
6157	6581
6158	6583
6159	6584
6160	6586
6161	6587
6162	6587
6163	6587
6164	6587
6165	6587
6166	6587
6167	6587
6168	6587
6169	6587
6170	6587
6171	6587
6172	6587
6173	6587
6174	6587
6175	6587
6176	6587
6177	6587
6178	6587
6179	6587
6180	6587
6181	6587
6182	6587
6183	6589
6184	6590
6185	6592
6186	6593
6187	6593
6188	6593
6189	6593
6190	6593
6191	6593
6192	6593
6193	6593
6194	6595
6195	6596
6196	6598
6197	6599
6198	6599
6199	6600
6200	6602
6201	6602
6202	6602
6203	6602
6204	6602
6205	6602
6206	6604
6207	6605
6208	6607
6209	6608
6210	6609
6211	6609
6212	6611
6213	6613
6214	6614
6215	6615
6216	6615
6217	6615
6218	6617
6219	6618
6220	6619
6221	6621
6222	6623
6223	6626
6224	6628
6225	6632
6226	6633
6227	6634
6228	6634
6229	6635
6230	6637
6231	6639
6232	6640
6233	6640
6234	6641
6235	6642
6236	6644
6237	6646
6238	6646
6239	6646
6240	6647
6241	6647
6242	6647
6243	6647
6244	6647
6245	6647
6246	6647
6247	6647
6248	6647
6249	6647
6250	6647
6251	6649
6252	6651
6253	6652
6254	6654
6255	6655
6256	6656
6257	6656
6258	6656
6259	6656
6260	6656
6261	6656
6262	6658
6263	6658
6264	6658
6265	6658
6266	6658
6267	6660
6268	6662
6269	6666
6270	6670
6271	6674
6272	6678
6273	6682
6274	6685
6275	6690
6276	6693
6277	6697
6278	6702
6279	6705
6280	6710
6281	6713
6282	6717
6283	6721
6284	6725
6285	6730
6286	6734
6287	6738
6288	6742
6289	6746
6290	6751
6291	6754
6292	6759
6293	6762
6294	6766
6295	6771
6296	6774
6297	6780
6298	6785
6299	6791
6300	6796
6301	6801
6302	6805
6303	6808
6304	6812
6305	6816
6306	6820
6307	6824
6308	6828
6309	6830
6310	6832
6311	6834
6312	6836
6313	6840
6314	6844
6315	6848
6316	6852
6317	6856
6318	6859
6319	6864
6320	6870
6321	6873
6322	6877
6323	6881
6324	6885
6325	6889
6326	6893
6327	6897
6328	6901
6329	6905
6330	6909
6331	6913
6332	6918
6333	6922
6334	6927
6335	6931
6336	6935
6337	6939
6338	6943
6339	6947
6340	6951
6341	6955
6342	6959
6343	6964
6344	6968
6345	6972
6346	6976
6347	6980
6348	6984
6349	6988
6350	6992
6351	6996
6352	7000
6353	7004
6354	7008
6355	7013
6356	7017
6357	7021
6358	7025
6359	7029
6360	7034
6361	7038
6362	7044
6363	7049
6364	7055
6365	7059
6366	7062
6367	7064
6368	7067
6369	7071
6370	7076
6371	7081
6372	7086
6373	7091
6374	7097
6375	7102
6376	7106
6377	7110
6378	7114
6379	7118
6380	7122
6381	7125
6382	7129
6383	7133
6384	7137
6385	7141
6386	7145
6387	7149
6388	7153
6389	7157
6390	7163
6391	7168
6392	7174
6393	7179
6394	7183
6395	7187
6396	7194
6397	7199
6398	7204
6399	7209
6400	7214
6401	7217
6402	7221
6403	7225
6404	7229
6405	7233
6406	7237
6407	7241
6408	7245
6409	7248
6410	7253
6411	7257
6412	7261
6413	7265
6414	7271
6415	7278
6416	7282
6417	7286
6418	7290
6419	7296
6420	7299
6421	7303
6422	7307
6423	7311
6424	7317
6425	7322
6426	7325
6427	7329
6428	7333
6429	7337
6430	7341
6431	7345
6432	7349
6433	7353
6434	7357
6435	7362
6436	7367
6437	7371
6438	7376
6439	7379
6440	7383
6441	7387
6442	7391
6443	7395
6444	7398
6445	7402
6446	7407
6447	7411
6448	7415
6449	7419
6450	7423
6451	7426
6452	7430
6453	7433
6454	7438
6455	7442
6456	7445
6457	7449
6458	7454
6459	7458
6460	7463
6461	7468
6462	7472
6463	7475
6464	7479
6465	7483
6466	7485
6467	7487
6468	7487
6469	7487
6470	7487
6471	7488
6472	7490
6473	7491
6474	7493
6475	7493
6476	7493
6477	7495
6478	7497
6479	7499
6480	7500
6481	7500
6482	7500
6483	7502
6484	7504
6485	7505
6486	7507
6487	7507
6488	7507
6489	7507
6490	7507
6491	7507
6492	7507
6493	7507
6494	7507
6495	7509
6496	7510
6497	7510
6498	7510
6499	7510
6500	7510
6501	7510
6502	7510
6503	7510
6504	7510
6505	7510
6506	7510
6507	7512
6508	7513
6509	7515
6510	7516
6511	7516
6512	7516
6513	7516
6514	7516
6515	7516
6516	7516
6517	7516
6518	7516
6519	7516
6520	7516
6521	7516
6522	7516
6523	7516
6524	7516
6525	7516
6526	7516
6527	7516
6528	7516
6529	7517
6530	7518
6531	7519
6532	7522
6533	7523
6534	7523
6535	7523
6536	7523
6537	7523
6538	7523
6539	7523
6540	7524
6541	7526
6542	7528
6543	7530
6544	7530
6545	7530
6546	7530
6547	7530
6548	7530
6549	7530
6550	7530
6551	7530
6552	7530
6553	7530
6554	7530
6555	7530
6556	7530
6557	7530
6558	7530
6559	7530
6560	7530
6561	7530
6562	7530
6563	7530
6564	7530
6565	7530
6566	7530
6567	7530
6568	7530
6569	7530
6570	7530
6571	7530
6572	7530
6573	7530
6574	7530
6575	7530
6576	7530
6577	7530
6578	7530
6579	7530
6580	7530
6581	7530
6582	7530
6583	7530
6584	7530
6585	7530
6586	7530
6587	7530
6588	7530
6589	7530
6590	7530
6591	7530
6592	7531
6593	7532
6594	7534
6595	7536
6596	7537
6597	7537
6598	7537
6599	7537
6600	7537
6601	7537
6602	7537
6603	7537
6604	7537
6605	7537
6606	7537
6607	7537
6608	7537
6609	7538
6610	7539
6611	7541
6612	7543
6613	7545
6614	7546
6615	7546
6616	7546
6617	7546
6618	7546
6619	7546
6620	7546
6621	7546
6622	7546
6623	7546
6624	7546
6625	7548
6626	7550
6627	7551
6628	7552
6629	7552
6630	7552
6631	7553
6632	7555
6633	7557
6634	7559
6635	7559
6636	7559
6637	7559
6638	7559
6639	7559
6640	7559
6641	7559
6642	7559
6643	7560
6644	7562
6645	7563
6646	7565
6647	7566
6648	7566
6649	7566
6650	7566
6651	7566
6652	7566
6653	7566
6654	7566
6655	7566
6656	7566
6657	7566
6658	7566
6659	7566
6660	7567
6661	7569
6662	7571
6663	7573
6664	7573
6665	7574
6666	7575
6667	7576
6668	7578
6669	7582
6670	7584
6671	7585
6672	7586
6673	7588
6674	7588
6675	7588
6676	7588
6677	7588
6678	7588
6679	7588
6680	7588
6681	7588
6682	7588
6683	7589
6684	7589
6685	7589
6686	7589
6687	7589
6688	7589
6689	7590
6690	7590
6691	7590
6692	7590
6693	7590
6694	7590
6695	7590
6696	7590
6697	7590
6698	7590
6699	7590
6700	7590
6701	7592
6702	7594
6703	7596
6704	7597
6705	7597
6706	7597
6707	7597
6708	7597
6709	7597
6710	7597
6711	7597
6712	7597
6713	7597
6714	7597
6715	7597
6716	7597
6717	7597
6718	7597
6719	7597
6720	7597
6721	7597
6722	7597
6723	7597
6724	7597
6725	7597
6726	7597
6727	7597
6728	7597
6729	7597
6730	7597
6731	7597
6732	7597
6733	7597
6734	7597
6735	7597
6736	7597
6737	7597
6738	7597
6739	7597
6740	7597
6741	7597
6742	7597
6743	7597
6744	7598
6745	7599
6746	7599
6747	7599
6748	7599
6749	7599
6750	7599
6751	7599
6752	7599
6753	7599
6754	7599
6755	7599
6756	7599
6757	7599
6758	7599
6759	7599
6760	7599
6761	7599
6762	7599
6763	7599
6764	7599
6765	7599
6766	7599
6767	7599
6768	7599
6769	7599
6770	7599
6771	7599
6772	7599
6773	7599
6774	7599
6775	7599
6776	7599
6777	7599
6778	7599
6779	7599
6780	7599
6781	7600
6782	7601
6783	7603
6784	7604
6785	7606
6786	7606
6787	7608
6788	7610
6789	7612
6790	7613
6791	7613
6792	7613
6793	7613
6794	7613
6795	7613
6796	7613
6797	7613
6798	7614
6799	7614
6800	7614
6801	7614
6802	7614
6803	7614
6804	7614
6805	7616
6806	7618
6807	7620
6808	7621
6809	7621
6810	7621
6811	7621
6812	7621
6813	7621
6814	7621
6815	7621
6816	7622
6817	7624
6818	7625
6819	7627
6820	7627
6821	7627
6822	7628
6823	7629
6824	7631
6825	7633
6826	7633
6827	7634
6828	7635
6829	7637
6830	7639
6831	7639
6832	7639
6833	7641
6834	7641
6835	7641
6836	7641
6837	7641
6838	7641
6839	7641
6840	7641
6841	7641
6842	7641
6843	7641
6844	7641
6845	7641
6846	7643
6847	7645
6848	7646
6849	7647
6850	7647
6851	7648
6852	7648
6853	7648
6854	7648
6855	7648
6856	7648
6857	7650
6858	7651
6859	7653
6860	7654
6861	7654
6862	7654
6863	7656
6864	7657
6865	7659
6866	7660
6867	7660
6868	7660
6869	7660
6870	7660
6871	7660
6872	7660
6873	7661
6874	7662
6875	7664
6876	7666
6877	7666
6878	7666
6879	7666
6880	7666
6881	7666
6882	7666
6883	7666
6884	7666
6885	7666
6886	7666
6887	7666
6888	7666
6889	7666
6890	7667
6891	7669
6892	7671
6893	7675
6894	7679
6895	7683
6896	7686
6897	7688
6898	7690
6899	7690
6900	7690
6901	7690
6902	7692
6903	7694
6904	7696
6905	7697
6906	7697
6907	7697
6908	7697
6909	7697
6910	7697
6911	7697
6912	7697
6913	7697
6914	7697
6915	7697
6916	7697
6917	7697
6918	7697
6919	7697
6920	7697
6921	7697
6922	7697
6923	7697
6924	7697
6925	7697
6926	7697
6927	7697
6928	7697
6929	7697
6930	7698
6931	7701
6932	7704
6933	7707
6934	7711
6935	7715
6936	7718
6937	7722
6938	7726
6939	7730
6940	7733
6941	7738
6942	7743
6943	7750
6944	7754
6945	7759
6946	7762
6947	7766
6948	7771
6949	7775
6950	7778
6951	7782
6952	7785
6953	7788
6954	7792
6955	7796
6956	7800
6957	7803
6958	7807
6959	7810
6960	7814
6961	7819
6962	7821
6963	7825
6964	7829
6965	7833
6966	7836
6967	7841
6968	7846
6969	7850
6970	7853
6971	7857
6972	7861
6973	7866
6974	7871
6975	7875
6976	7881
6977	7885
6978	7889
6979	7893
6980	7897
6981	7900
6982	7904
6983	7907
6984	7911
6985	7914
6986	7918
6987	7922
6988	7926
6989	7930
6990	7934
6991	7937
6992	7940
6993	7944
6994	7948
6995	7952
6996	7955
6997	7959
6998	7960
6999	7964
7000	7966
7001	7970
7002	7974
7003	7976
7004	7976
7005	7976
7006	7976
7007	7976
7008	7978
7009	7979
7010	7981
7011	7982
7012	7982
7013	7982
7014	7982
7015	7982
7016	7982
7017	7982
7018	7982
7019	7982
7020	7982
7021	7982
7022	7982
7023	7982
7024	7982
7025	7982
7026	7982
7027	7984
7028	7986
7029	7988
7030	7989
7031	7989
7032	7989
7033	7989
7034	7989
7035	7989
7036	7989
7037	7989
7038	7991
7039	7992
7040	7994
7041	7995
7042	7995
7043	7995
7044	7996
7045	7998
7046	8000
7047	8001
7048	8001
7049	8003
7050	8005
7051	8006
7052	8008
7053	8008
7054	8008
7055	8008
7056	8008
7057	8008
7058	8008
7059	8008
7060	8009
7061	8010
7062	8010
7063	8010
7064	8010
7065	8010
7066	8011
7067	8013
7068	8015
7069	8017
7070	8017
7071	8017
7072	8017
7073	8018
7074	8020
7075	8023
7076	8024
7077	8024
7078	8024
7079	8024
7080	8024
7081	8024
7082	8024
7083	8024
7084	8024
7085	8024
7086	8024
7087	8024
7088	8025
7089	8027
7090	8028
7091	8030
7092	8031
7093	8031
7094	8031
7095	8031
7096	8031
7097	8031
7098	8031
7099	8031
7100	8032
7101	8034
7102	8035
7103	8037
7104	8037
7105	8037
7106	8037
7107	8037
7108	8037
7109	8037
7110	8037
7111	8037
7112	8037
7113	8037
7114	8037
7115	8037
7116	8037
7117	8037
7118	8037
7119	8037
7120	8037
7121	8037
7122	8037
7123	8037
7124	8037
7125	8037
7126	8037
7127	8037
7128	8037
7129	8037
7130	8037
7131	8037
7132	8037
7133	8037
7134	8037
7135	8037
7136	8037
7137	8037
7138	8037
7139	8037
7140	8039
7141	8041
7142	8043
7143	8043
7144	8043
7145	8043
7146	8044
7147	8044
7148	8044
7149	8044
7150	8044
7151	8046
7152	8047
7153	8049
7154	8052
7155	8054
7156	8054
7157	8056
7158	8058
7159	8060
7160	8061
7161	8061
7162	8061
7163	8061
7164	8061
7165	8061
7166	8061
7167	8061
7168	8061
7169	8061
7170	8061
7171	8061
7172	8061
7173	8061
7174	8061
7175	8061
7176	8061
7177	8061
7178	8061
7179	8062
7180	8062
7181	8062
7182	8062
7183	8062
7184	8062
7185	8062
7186	8062
7187	8062
7188	8062
7189	8062
7190	8062
7191	8062
7192	8062
7193	8062
7194	8062
7195	8063
7196	8065
7197	8067
7198	8068
7199	8068
7200	8069
7201	8071
7202	8073
7203	8074
7204	8074
7205	8074
7206	8075
7207	8075
7208	8075
7209	8075
7210	8075
7211	8075
7212	8075
7213	8077
7214	8078
7215	8080
7216	8082
7217	8082
7218	8082
7219	8082
7220	8082
7221	8082
7222	8082
7223	8082
7224	8082
7225	8082
7226	8082
7227	8082
7228	8082
7229	8082
7230	8082
7231	8082
7232	8082
7233	8082
7234	8082
7235	8082
7236	8082
7237	8083
7238	8083
7239	8083
7240	8083
7241	8083
7242	8083
7243	8083
7244	8083
7245	8083
7246	8083
7247	8083
7248	8083
7249	8083
7250	8083
7251	8083
7252	8083
7253	8083
7254	8083
7255	8083
7256	8083
7257	8083
7258	8083
7259	8083
7260	8084
7261	8085
7262	8087
7263	8089
7264	8090
7265	8092
7266	8094
7267	8095
7268	8096
7269	8096
7270	8096
7271	8096
7272	8096
7273	8096
7274	8096
7275	8096
7276	8096
7277	8096
7278	8096
7279	8096
7280	8096
7281	8096
7282	8096
7283	8096
7284	8096
7285	8096
7286	8096
7287	8096
7288	8096
7289	8096
7290	8098
7291	8100
7292	8101
7293	8102
7294	8102
7295	8102
7296	8102
7297	8102
7298	8102
7299	8102
7300	8102
7301	8102
7302	8102
7303	8102
7304	8102
7305	8102
7306	8102
7307	8102
7308	8102
7309	8103
7310	8104
7311	8106
7312	8108
7313	8108
7314	8108
7315	8109
7316	8110
7317	8112
7318	8114
7319	8114
7320	8114
7321	8114
7322	8115
7323	8115
7324	8115
7325	8115
7326	8115
7327	8115
7328	8115
7329	8115
7330	8115
7331	8115
7332	8115
7333	8115
7334	8115
7335	8115
7336	8115
7337	8115
7338	8115
7339	8115
7340	8115
7341	8115
7342	8115
7343	8115
7344	8116
7345	8118
7346	8121
7347	8122
7348	8122
7349	8122
7350	8122
7351	8123
7352	8123
7353	8123
7354	8123
7355	8123
7356	8123
7357	8123
7358	8123
7359	8123
7360	8123
7361	8123
7362	8124
7363	8124
7364	8124
7365	8124
7366	8124
7367	8124
7368	8124
7369	8124
7370	8124
7371	8124
7372	8124
7373	8124
7374	8124
7375	8124
7376	8124
7377	8124
7378	8124
7379	8124
7380	8124
7381	8124
7382	8124
7383	8124
7384	8124
7385	8127
7386	8128
7387	8128
7388	8128
7389	8128
7390	8128
7391	8128
7392	8128
7393	8128
7394	8128
7395	8129
7396	8131
7397	8133
7398	8135
7399	8135
7400	8135
7401	8135
7402	8137
7403	8139
7404	8139
7405	8139
7406	8139
7407	8139
7408	8140
7409	8140
7410	8140
7411	8140
7412	8140
7413	8141
7414	8141
7415	8141
7416	8141
7417	8141
7418	8141
7419	8141
7420	8141
7421	8141
7422	8141
7423	8141
7424	8141
7425	8141
7426	8141
7427	8141
7428	8141
7429	8141
7430	8143
7431	8145
7432	8147
7433	8148
7434	8148
7435	8150
7436	8152
7437	8154
7438	8155
7439	8155
7440	8155
7441	8155
7442	8155
7443	8155
7444	8155
7445	8155
7446	8155
7447	8155
7448	8155
7449	8155
7450	8155
7451	8155
7452	8155
7453	8155
7454	8155
7455	8155
7456	8155
7457	8155
7458	8155
7459	8155
7460	8155
7461	8155
7462	8155
7463	8155
7464	8155
7465	8155
7466	8155
7467	8155
7468	8155
7469	8155
7470	8155
7471	8155
7472	8155
7473	8155
7474	8155
7475	8155
7476	8155
7477	8155
7478	8155
7479	8155
7480	8155
7481	8155
7482	8155
7483	8155
7484	8155
7485	8155
7486	8155
7487	8155
7488	8155
7489	8155
7490	8155
7491	8155
7492	8155
7493	8155
7494	8155
7495	8155
7496	8155
7497	8155
7498	8156
7499	8156
7500	8156
7501	8156
7502	8156
7503	8156
7504	8156
7505	8156
7506	8156
7507	8156
7508	8156
7509	8156
7510	8156
7511	8157
7512	8158
7513	8158
7514	8158
7515	8158
7516	8158
7517	8158
7518	8158
7519	8158
7520	8158
7521	8158
7522	8158
7523	8159
7524	8159
7525	8159
7526	8159
7527	8159
7528	8159
7529	8159
7530	8159
7531	8159
7532	8159
7533	8159
7534	8159
7535	8159
7536	8159
7537	8159
7538	8159
7539	8159
7540	8159
7541	8159
7542	8159
7543	8159
7544	8159
7545	8159
7546	8159
7547	8159
7548	8159
7549	8159
7550	8159
7551	8159
7552	8159
7553	8159
7554	8160
7555	8161
7556	8161
7557	8161
7558	8161
7559	8161
7560	8161
7561	8161
7562	8161
7563	8161
7564	8161
7565	8161
7566	8161
7567	8161
7568	8161
7569	8161
7570	8161
7571	8161
7572	8162
7573	8162
7574	8162
7575	8162
7576	8162
7577	8162
7578	8162
7579	8162
7580	8162
7581	8162
7582	8162
7583	8163
7584	8163
7585	8163
7586	8163
7587	8163
7588	8163
7589	8165
7590	8165
7591	8165
7592	8165
7593	8165
7594	8166
7595	8167
7596	8169
7597	8171
7598	8172
7599	8172
7600	8172
7601	8173
7602	8175
7603	8176
7604	8178
7605	8178
7606	8178
7607	8178
7608	8178
7609	8178
7610	8178
7611	8178
7612	8179
7613	8179
7614	8179
7615	8179
7616	8179
7617	8179
7618	8179
7619	8179
7620	8179
7621	8179
7622	8179
7623	8179
7624	8181
7625	8181
7626	8181
7627	8181
7628	8181
7629	8181
7630	8181
7631	8181
7632	8181
7633	8181
7634	8182
7635	8182
7636	8182
7637	8182
7638	8182
7639	8182
7640	8182
7641	8182
7642	8182
7643	8182
7644	8182
7645	8182
7646	8182
7647	8182
7648	8182
7649	8182
7650	8182
7651	8182
7652	8183
7653	8183
7654	8183
7655	8183
7656	8183
7657	8184
7658	8184
7659	8184
7660	8184
7661	8184
7662	8184
7663	8184
7664	8184
7665	8184
7666	8184
7667	8184
7668	8184
7669	8186
7670	8188
7671	8189
7672	8190
7673	8190
7674	8190
7675	8190
7676	8190
7677	8190
7678	8190
7679	8190
7680	8190
7681	8190
7682	8190
7683	8190
7684	8190
7685	8191
7686	8193
7687	8195
7688	8196
7689	8197
7690	8197
7691	8199
7692	8201
7693	8203
7694	8204
7695	8204
7696	8205
7697	8207
7698	8207
7699	8207
7700	8207
7701	8207
7702	8207
7703	8207
7704	8207
7705	8207
7706	8207
7707	8207
7708	8207
7709	8207
7710	8207
7711	8207
7712	8207
7713	8208
7714	8208
7715	8208
7716	8208
7717	8208
7718	8208
7719	8208
7720	8208
7721	8208
7722	8208
7723	8208
7724	8208
7725	8209
7726	8211
7727	8211
7728	8211
7729	8211
7730	8211
7731	8211
7732	8211
7733	8211
7734	8211
7735	8211
7736	8212
7737	8214
7738	8215
7739	8217
7740	8217
7741	8217
7742	8217
7743	8217
7744	8217
7745	8217
7746	8217
7747	8217
7748	8217
7749	8217
7750	8217
7751	8217
7752	8217
7753	8217
7754	8219
7755	8221
7756	8222
7757	8224
7758	8226
7759	8227
7760	8229
7761	8230
7762	8230
7763	8230
7764	8230
7765	8230
7766	8230
7767	8230
7768	8230
7769	8230
7770	8230
7771	8232
7772	8234
7773	8236
7774	8236
7775	8236
7776	8238
7777	8239
7778	8239
7779	8239
7780	8239
7781	8241
7782	8243
7783	8244
7784	8246
7785	8246
7786	8247
7787	8247
7788	8247
7789	8247
7790	8247
7791	8247
7792	8247
7793	8247
7794	8247
7795	8247
7796	8247
7797	8247
7798	8248
7799	8252
7800	8253
7801	8253
7802	8253
7803	8253
7804	8253
7805	8253
7806	8253
7807	8253
7808	8253
7809	8253
7810	8253
7811	8253
7812	8253
7813	8254
7814	8254
7815	8254
7816	8254
7817	8254
7818	8254
7819	8254
7820	8255
7821	8257
7822	8259
7823	8259
7824	8259
7825	8259
7826	8259
7827	8259
7828	8259
7829	8259
7830	8259
7831	8259
7832	8259
7833	8259
7834	8259
7835	8259
7836	8259
7837	8259
7838	8259
7839	8259
7840	8259
7841	8259
7842	8259
7843	8259
7844	8259
7845	8259
7846	8259
7847	8259
7848	8259
7849	8259
7850	8259
7851	8259
7852	8259
7853	8259
7854	8260
7855	8262
7856	8264
7857	8266
7858	8266
7859	8266
7860	8268
7861	8269
7862	8271
7863	8272
7864	8272
7865	8273
7866	8274
7867	8277
7868	8278
7869	8279
7870	8279
7871	8280
7872	8280
7873	8280
7874	8280
7875	8280
7876	8280
7877	8281
7878	8282
7879	8282
7880	8282
7881	8282
7882	8282
7883	8282
7884	8284
7885	8285
7886	8287
7887	8288
7888	8288
7889	8288
7890	8289
7891	8289
7892	8289
7893	8289
7894	8289
7895	8290
7896	8290
7897	8290
7898	8290
7899	8290
7900	8290
7901	8290
7902	8290
7903	8290
7904	8290
7905	8291
7906	8291
7907	8291
7908	8291
7909	8291
7910	8292
7911	8292
7912	8292
7913	8292
7914	8292
7915	8292
7916	8292
7917	8292
7918	8292
7919	8292
7920	8293
7921	8294
7922	8296
7923	8297
7924	8298
7925	8298
7926	8298
7927	8298
7928	8298
7929	8298
7930	8298
7931	8300
7932	8302
7933	8304
7934	8305
7935	8305
7936	8305
7937	8306
7938	8306
7939	8306
7940	8306
7941	8306
7942	8306
7943	8306
7944	8307
7945	8307
7946	8307
7947	8307
7948	8307
7949	8309
7950	8309
7951	8309
7952	8309
7953	8309
7954	8309
7955	8310
7956	8311
7957	8313
7958	8315
7959	8316
7960	8316
7961	8316
7962	8316
7963	8316
7964	8316
7965	8316
7966	8316
7967	8316
7968	8318
7969	8320
7970	8322
7971	8323
7972	8323
7973	8323
7974	8323
7975	8326
7976	8330
7977	8332
7978	8334
7979	8335
7980	8337
7981	8338
7982	8340
7983	8342
7984	8343
7985	8345
7986	8347
7987	8349
7988	8350
7989	8352
7990	8354
7991	8356
7992	8357
7993	8361
7994	8365
7995	8368
7996	8370
7997	8372
7998	8374
7999	8376
8000	8381
8001	8382
8002	8384
8003	8385
8004	8385
8005	8385
8006	8387
8007	8389
8008	8391
8009	8392
8010	8392
8011	8392
8012	8392
8013	8392
8014	8392
8015	8392
8016	8392
8017	8393
8018	8395
8019	8396
8020	8396
8021	8396
8022	8396
8023	8396
8024	8396
8025	8396
8026	8396
8027	8396
8028	8396
8029	8396
8030	8396
8031	8396
8032	8396
8033	8396
8034	8396
8035	8396
8036	8396
8037	8396
8038	8396
8039	8396
8040	8396
8041	8396
8042	8396
8043	8396
8044	8396
8045	8396
8046	8397
8047	8397
8048	8397
8049	8397
8050	8397
8051	8398
8052	8398
8053	8398
8054	8398
8055	8398
8056	8398
8057	8398
8058	8398
8059	8398
8060	8398
8061	8398
8062	8398
8063	8398
8064	8398
8065	8398
8066	8398
8067	8398
8068	8399
8069	8401
8070	8403
8071	8405
8072	8405
8073	8405
8074	8407
8075	8408
8076	8408
8077	8408
8078	8408
8079	8408
8080	8410
8081	8411
8082	8411
8083	8411
8084	8411
8085	8411
8086	8412
8087	8412
8088	8412
8089	8412
8090	8412
8091	8412
8092	8412
8093	8412
8094	8412
8095	8412
8096	8412
8097	8412
8098	8412
8099	8412
8100	8412
8101	8412
8102	8412
8103	8412
8104	8414
8105	8415
8106	8418
8107	8419
8108	8419
8109	8419
8110	8420
8111	8422
8112	8424
8113	8425
8114	8425
8115	8425
8116	8426
8117	8428
8118	8429
8119	8430
8120	8430
8121	8430
8122	8432
8123	8433
8124	8435
8125	8437
8126	8437
8127	8438
8128	8439
8129	8439
8130	8439
8131	8439
8132	8439
8133	8440
8134	8443
8135	8445
8136	8446
8137	8446
8138	8446
8139	8446
8140	8446
8141	8446
8142	8446
8143	8446
8144	8446
8145	8446
8146	8446
8147	8446
8148	8446
8149	8446
8150	8446
8151	8446
8152	8446
8153	8446
8154	8446
8155	8446
8156	8448
8157	8449
8158	8451
8159	8452
8160	8452
8161	8452
8162	8453
8163	8454
8164	8454
8165	8454
8166	8454
8167	8454
8168	8454
8169	8454
8170	8454
8171	8454
8172	8454
8173	8454
8174	8454
8175	8454
8176	8454
8177	8454
8178	8454
8179	8454
8180	8454
8181	8454
8182	8454
8183	8454
8184	8454
8185	8454
8186	8454
8187	8454
8188	8454
8189	8454
8190	8454
8191	8454
8192	8454
8193	8454
8194	8454
8195	8455
8196	8457
8197	8459
8198	8460
8199	8460
8200	8460
8201	8460
8202	8460
8203	8460
8204	8460
8205	8460
8206	8460
8207	8460
8208	8460
8209	8460
8210	8460
8211	8460
8212	8460
8213	8460
8214	8462
8215	8463
8216	8465
8217	8465
8218	8465
8219	8465
8220	8465
8221	8465
8222	8465
8223	8465
8224	8465
8225	8465
8226	8465
8227	8465
8228	8465
8229	8465
8230	8465
8231	8465
8232	8465
8233	8465
8234	8465
8235	8465
8236	8465
8237	8466
8238	8466
8239	8466
8240	8466
8241	8466
8242	8467
8243	8468
8244	8470
8245	8472
8246	8474
8247	8474
8248	8474
8249	8474
8250	8474
8251	8474
8252	8474
8253	8475
8254	8476
8255	8478
8256	8480
8257	8480
8258	8480
8259	8480
8260	8480
8261	8480
8262	8480
8263	8480
8264	8480
8265	8482
8266	8483
8267	8485
8268	8486
8269	8486
8270	8486
8271	8486
8272	8486
8273	8486
8274	8486
8275	8486
8276	8486
8277	8487
8278	8487
8279	8487
8280	8487
8281	8487
8282	8487
8283	8488
8284	8488
8285	8488
8286	8488
8287	8488
8288	8489
8289	8491
8290	8492
8291	8494
8292	8494
8293	8495
8294	8496
8295	8496
8296	8496
8297	8496
8298	8496
8299	8496
8300	8496
8301	8496
8302	8496
8303	8497
8304	8498
8305	8500
8306	8503
8307	8504
8308	8506
8309	8508
8310	8510
8311	8511
8312	8511
8313	8511
8314	8511
8315	8511
8316	8511
8317	8511
8318	8511
8319	8511
8320	8512
8321	8512
8322	8512
8323	8512
8324	8512
8325	8512
8326	8512
8327	8512
8328	8512
8329	8512
8330	8512
8331	8512
8332	8513
8333	8513
8334	8513
8335	8513
8336	8513
8337	8514
8338	8514
8339	8514
8340	8514
8341	8514
8342	8515
8343	8515
8344	8515
8345	8515
8346	8515
8347	8515
8348	8516
8349	8517
8350	8517
8351	8517
8352	8517
8353	8517
8354	8517
8355	8519
8356	8519
8357	8519
8358	8519
8359	8519
8360	8519
8361	8520
8362	8520
8363	8520
8364	8520
8365	8520
8366	8520
8367	8520
8368	8520
8369	8520
8370	8520
8371	8520
8372	8520
8373	8520
8374	8520
8375	8520
8376	8520
8377	8520
8378	8520
8379	8520
8380	8520
8381	8520
8382	8520
8383	8520
8384	8520
8385	8520
8386	8520
8387	8520
8388	8520
8389	8520
8390	8520
8391	8520
8392	8520
8393	8520
8394	8520
8395	8520
8396	8522
8397	8524
8398	8524
8399	8524
8400	8524
8401	8524
8402	8524
8403	8524
8404	8524
8405	8524
8406	8524
8407	8524
8408	8524
8409	8524
8410	8524
8411	8524
8412	8524
8413	8524
8414	8525
8415	8525
8416	8525
8417	8525
8418	8525
8419	8525
8420	8525
8421	8525
8422	8525
8423	8525
8424	8525
8425	8525
8426	8525
8427	8525
8428	8525
8429	8525
8430	8525
8431	8525
8432	8525
8433	8525
8434	8525
8435	8525
8436	8525
8437	8525
8438	8525
8439	8525
8440	8525
8441	8525
8442	8525
8443	8525
8444	8526
8445	8526
8446	8526
8447	8526
8448	8526
8449	8527
8450	8529
8451	8529
8452	8529
8453	8529
8454	8529
8455	8529
8456	8529
8457	8529
8458	8529
8459	8529
8460	8529
8461	8531
8462	8532
8463	8534
8464	8535
8465	8535
8466	8535
8467	8535
8468	8535
8469	8535
8470	8535
8471	8535
8472	8535
8473	8536
8474	8538
8475	8541
8476	8543
8477	8545
8478	8546
8479	8546
8480	8546
8481	8546
8482	8546
8483	8546
8484	8546
8485	8547
8486	8549
8487	8551
8488	8552
8489	8552
8490	8553
8491	8553
8492	8553
8493	8553
8494	8553
8495	8553
8496	8554
8497	8555
8498	8557
8499	8559
8500	8559
8501	8559
8502	8559
8503	8559
8504	8559
8505	8559
8506	8559
8507	8560
8508	8562
8509	8564
8510	8566
8511	8568
8512	8571
8513	8573
8514	8574
8515	8576
8516	8577
8517	8577
8518	8577
8519	8577
8520	8577
8521	8577
